DST5801*01       000-121-109-101-121-129-130-112-117-112-104-102-086-075-083-090-092-079-077-085-096-098-089-077-073-098
DST5801*02       000-068-070-070-079-079-082-076-076-076-064-063-059-055-052-058-056-050-045-044-044-044-040-042-041-060
DST5801*03       000-037-036-035-037-039-037-034-033-031-029-027-022-019-018-020-024-024-021-021-022-025-029-029-029-028
DST5801*04       000-029-024-019-017-018-017-018-017-015-016-017-015-011-007-006-008-007-004-008-007-004 001 002 003-012
DST5801*05       000-005-019-012-011-010-006-001 004 006 004 007 009 008 005 006 006 005 000 006 010 007 005 002 002 001
DST5801*06       000 000 003 004 002-002-003-002 001-001 003 001 001 002 000 000-003 000 002 005 010 009 008 009 006 002
DST5801*07       000 003 006 010 005 002 000 002 002 002 004 000-006-005-001-001 001-001 004 007 006 003 002-001-002 002
DST5801*08       000 002 006 011 008 009 010 003 000-002-003-006-003-002-001 000 003 003 001 002 005 010 010 011 012 004
DST5801*09       000 010 011 012 011 010 008 007 002 001 008 015 012 009 008-001-006-008-010-007-003-001-005-008-010 003
DST5801*10       000-022-024-026-021-015-018-023-018-013-014-018-017-010-015-021-013-012-016-011-015-018-014-007-005-016
DST5801*11       000-002 008 004 003 004 000-003-002 000-008-010 002 013 013 006 011 011 007-001-014-022-015-011-008-001
DST5801*12       000-008-001-006-005-006-014-014-012-012-008-009-013-010-010-010-007-013-005 002-001 000 002-002-006-007
DST5801*13       000-005-005 001 002 000-004-003-004-002-002-007-008 000-001-009-011-009 000 008 009-004-015-026-023-005
DST5801*14       000-019-017-010-007-007-006-005-010-016-014-018-011-010-010-008-014-014-014-009-007-007-021-022-014-012
DST5801*15       000-012-009-005-004-006-015-028-031-021-020-025-026-020-041-046-037-034-035-033-031-027-020-031-032-025
DST5801*16       000-029-025-022-019-019-016-023-014-004-006-015-006-004-007-004-007 001-004-008-013-017-021-023-020-014
DST5801*17       000-017-015-012-015-022-015-012-013-016-012-017-024-014-016-018-028-024-025-029-031-029-032-039-038-021
DST5801*18       000-041-043-045-046-047-050-044-036-039-051-061-051-055-072-063-060-057-061-062-057-054-051-049-045-052
DST5801*19       000-042-035-030-030-034-042-044-039-030-028-030-033-034-033-033-038-040-045-042-037-037-035-033-027-035
DST5801*20       000-024-021-018-023-024-023-017-022-014-021-020-023-020-012-016-016-004-007-008-007-010-008-001-025-016
DST5801*21       000-031-033-044-060-062-065-072-066-062-063-060-055-049-044-041-039-038-038-044-047-046-043-040-037-049
DST5801*22       000-033-032-027-031-027-029-035-032-031-028-027-027-018-024-036-029-028-029-031-037-036-033-031-030-030
DST5801*23       000-026-024-016-022-026-032-041-047-041-041-040-036-032-027-023-024-026-033-034-040-047-046-037-034-033
DST5801*24       000-027-024-019-017-017-017-013-010-007-003-001-009-019-023-020-020-016-012-008-010-013-012-009-008-014
DST5801*25       000-006-009-009-011-015-018-015-012-011-007-003 009 001-010-032-037-035-045-042-038-036-031-026-016-019
DST5801*26       000-009-005-007-025-036-051-052-047-042-036-033-034-033-033-036-034-033-034-036-033-029-030-033-029-032
DST5801*27       000-027-023-021-021-020-018-014-015-015-014-011-012-016-019-021-020-018-015-016-008-006-008-007-003-015
DST5801*28       000-003-002-002-002-003 002 000 002 000-001 000 001 000 006-003 000 010 005-005-009-011-002 004 008 000
DST5801*29       000 012 009 007 005-007-015-018-021-020-004-004-004-005-006-006-009-013-015-015-009 001 003 006 011-005
DST5801*30       000 014 014 014 017 025 027 035 032 025 028 022 019 012 009 009 007 009 006 001-002-003-001 000 006 014
DST5801*31       000 008 003 003 005 005 006 007 005 007 006 007 009 010 005 002 004 005 001 001-001-006 000 009 011 005
DST5802*01       000 011 016 015 016 011 008 006 007 006 008 010 014 012 005 007 007 008 008 007 005 008 008 008 013 009
DST5802*02       000 018 018 018 015 011 011 006 003 004 003-001 006 010 011 011 010 010 007 004 004 004 006 008 011 009
DST5802*03       000 013 015 015 014 008 008 008 009 012 017 020 022 022 021 023 024 022 019 017 018 021 023 020 016 017
DST5802*04       000 020 028 032 029 026 027 014 012 010 015 013 010 014 028 013 008 011 006 018-003-017-024-026-023 010
DST5802*05       000-019-023-023-020-017-012-023-031-023-014-018-022-021-020-008-011-015-021-020-014-020-033-033-023-020
DST5802*06       000-020-025-023-020-026-033-036-040-039-036-040-038-039-033-027-022-037-036-030-029-023-023-025-033-031
DST5802*07       000-031-032-028-027-028-032-027-029-035-030-031-039-039-024-017-019-022-023-026-022-021-018-016-016-026
DST5802*08       000-020-023-019-015-012-017-022-024-027-042-037-030-034-033-029-037-033-026-021-018-025-030-024-025-026
DST5802*09       000-031-026-019-021-022-018-015-015-016-016-018-019-020-019-020-024-031-037-036-027-032-036-039-039-025
DST5802*10       000-027-022-017-014-020-019-011-009-012-014-019-019-020-019-021-030-042-038-048-050-056-063-063-053-029
DST5802*11       000-048-026-021-005-023-114-217-251-333-402-425-426-373-360-328-309-293-255-213-213-208-194-191-189-226
DST5802*12       000-151-134-119-114-110-099-103-102-116-112-107-112-109-113-111-110-104-107-109-105-088-069-076-079-107
DST5802*13       000-065-062-059-058-055-057-058-058-057-048-048-047-048-058-056-056-064-070-061-054-052-055-059-064-057
DST5802*14       000-061-062-067-065-058-056-060-059-055-054-052-046-040-043-042-040-045-053-055-045-043-044-039-037-051
DST5802*15       000-036-035-030-029-028-025-024-022-022-021-022-020-017-015-009-013-006 001 005 009 011 006 007 010-014
DST5802*16       000 009 007 006 009 011 011 009 007 004 009 015 021 009 003-006-008 001 016 013 016 009 004 019 033 009
DST5802*17       000 045 038 037 014-009-012-009-010-020-018-029-033-026-036-044-032-035-036-041-041-035-035-025-019-017
DST5802*18       000-020-019-024-033-031-028-027-034-036-033-035-035-034-031-030-032-036-040-044-042-041-043-042-043-034
DST5802*19       000-034-028-031-035-036-035-042-045-040-036-035-039-035-034-031-029-033-030-029-033-029-021-025-028-033
DST5802*20       000-037-038-031-035-032-034-032-031-032-030-029-026-025-020-033-032-028-030-037-052-061-063-057-050-036
DST5802*21       000-045-048-048-035-032-049-050-058-046-041-041-038-033-032-044-038-037-041-050-050-048-048-041-042-043
DST5802*22       000-038-042-039-036-033-030-034-034-033-032-037-030-032-023-022-028-034-027-019-026-026-021-033-049-032
DST5802*23       000-051-042-038-040-040-032-028-035-042-044-035-031-033-031-025-026-023-025-020-022-019-020-023-024-031
DST5802*24       000-023-025-024-025-018-014-012-013-014-011-015-020-014-015-017-019-021-020-017-013-012-009-007-006-016
DST5802*25       000-007-009-007-004-003-003-003 000-002-002-002 005 007 001-001-003-002 000 006 008 005 008 011 012 001
DST5802*26       000 009 010 011 010 008 010 011 011 014 015 013 008 006 006 008 010 008 006 006 005 005 002 004 004 008
DST5802*27       000 000 002 003 007 010 016 019 021 020 021 018 014 012 009 009 007 004 002 003-009-017-014-011-008 006
DST5802*28       000-009-005 000 000 007 011 012 002-003 004 007-006-009-003-008-009-010-009-004-003 000 001 004-001-001
DST5803*01       000-006-012-008-007-005-002 004 007 010 010 008 003-002-006-008-008-006-006-009-009-008-010-011-010-004
DST5803*02       000-013-012-006-003 001-003-007-010-009-007-013-022-015-009-006-007-006-006-004-003-003-001 003 000-007
DST5803*03       000-001 003 001 003 000-002 000-002-004-001-005-008-010 000 004 006 004 006-004-014-032-031-042-045-007
DST5803*04       000-050-045-036-032-037-048-051-046-049-051-055-054-045-038-037-034-034-034-036-036-033-029-028-036-041
DST5803*05       000-040-036-032-033-025-015-023-061-070-059-057-050-053-041-034-031-030-029-030-027-035-036-038-045-039
DST5803*06       000-037-038-040-047-050-046-047-046-041-037-033-036-038-039-038-042-038-036-034-033-042-044-041-035-040
DST5803*07       000-037-032-030-037-036-035-032-031-028-028-025-026-029-034-032-032-028-028-028-031-041-045-037-027-032
DST5803*08       000-030-040-044-039-042-040-036-038-038-036-039-041-036-029-027-029-027-025-019-016-020-024-023-028-032
DST5803*09       000-034-038-038-028-024-026-041-041-035-039-041-039-033-027-027-031-033-028-023-020-019-012-008-009-029
DST5803*10       000-016-025-030-026-027-023-020-018-014-014-020-031-032-027-024-033-030-032-028-029-030-033-033-031-026
DST5803*11       000-041-036-028-021-019-014-009-005-004-003-002-006-017-023-030-028-040-050-056-052-049-053-053-044-028
DST5803*12       000-057-083-099-100-115-117-125-100-101-094-082-080-084-088-069-061-058-061-058-058-063-063-060-060-081
DST5803*13       000-061-064-068-076-083-080-089-095-095-092-081-090-100-087-092-105-109-105-101-098-093-083-077-074-087
DST5803*14       000-069-063-061-057-057-055-053-048-045-044-043-043-025-016-002-020-022-009-006-010-008-007-014-012-033
DST5803*15       000-013-013-009-007-027-035-027-027-024-032-028-036-041-038-040-051-052-052-049-041-043-045-043-040-034
DST5803*16       000-035-045-047-046-042-038-039-037-037-031-024-022-021-021-022-022-019-015-019-023-023-026-032-032-030
DST5803*17       000-031-027-023-021-021-025-026-023-019-025-021-023-026-027-031-039-035-034-045-046-037-030-023-022-028
DST5803*18       000-020-021-021-027-032-033-046-048-038-037-044-045-037-035-033-032-029-023-038-048-072-076-064-051-040
DST5803*19       000-050-049-052-054-051-053-054-042-036-034-034-037-042-046-047-044-052-057-054-051-053-066-065-059-049
DST5803*20       000-050-054-062-052-050-047-052-044-039-026-023-021-018-023-033-040-038-031-031-034-040-043-053-046-040
DST5803*21       000-036-039-041-039-039-033-035-037-042-041-031-026-017-016-021-022-031-037-039-038-044-045-046-056-035
DST5803*22       000-050-069-085-072-064-060-058-057-053-048-049-049-048-043-043-042-040-041-040-043-040-035-043-044-051
DST5803*23       000-045-049-048-045-049-048-045-042-039-042-033-029-032-032-036-039-035-037-037-036-034-033-034-034-039
DST5803*24       000-040-037-025-027-034-033-033-038-036-041-042-030-026-016-017-029-035-030-040-050-055-049-054-053-036
DST5803*25       000-052-050-041-042-040-042-049-052-039-033-029-032-029-042-050-032-002 005 003 003-002-003-003-005-027
DST5803*26       000-005-016-015-011-010-011-003-001-004-004-004-015-022-012-016-026-040-045-036-040-039-029-027-024-019
DST5803*27       000-022-018-017-021-022-017-014-015-020-028-026-016-015-021-020-021-020-016-013-022-021-017-013-014-019
DST5803*28       000-012-012-021-021-016-013-012-013-020-021-015-011-008-008-009-009-004-015-011-010-011-005-009-008-012
DST5803*29       000-003-003-004-008-014-016-011-011-008-006-001 001 000 000 003 003 004-001 000 002 000 002 001 011-002
DST5803*30       000 012 008 006 007 007 009 005 003-003-014-014 002-012-030-053-056-051-052-053-059-065-058-051-046-023
DST5803*31       000-047-049-045-043-039-033-031-029-021-022-026-022-021-020-022-026-030-030-033-038-035-028-027-027-031
DST5804*01       000-030-033-036-038-043-044-038-044-040-034-029-027-031-033-028-028-029-025-025-033-035-035-033-033-034
DST5804*02       000-029-031-028-028-037-028-027-038-039-042-046-058-048-042-033-034-030-024-017-026-034-038-044-018-034
DST5804*03       000-032-024-026-029-039-039-032-033-035-033-034-034-028-023-017-011-006-002-004-007-015-018-017-019-023
DST5804*04       000-019-016-014-019-019-021-015-021-022-016-015-019-017-026-024-029-036-042-052-065-071-068-059-059-032
DST5804*05       000-067-074-075-074-074-073-061-057-054-055-053-049-046-043-044-049-047-041-040-035-033-029-027-035-051
DST5804*06       000-036-032-033-032-036-034-029-030-037-035-039-035-032-031-030-040-047-047-049-052-045-039-034-032-037
DST5804*07       000-030-026-028-042-047-053-047-045-058-054-051-046-043-044-044-043-047-043-036-034-033-027-025-028-041
DST5804*08       000-028-027-029-028-026-022-020-022-025-024-023-024-025-022-021-019-018-019-015-012-018-021-018-016-022
DST5804*09       000-013-016-019-026-023-024-018-019-020-014-008-006-005-006-003-002-002 000 000-007-018-025-028-021-013
DST5804*10       000-019-016-016-015-015-010-004-001-002 001 003 002 000 001 004 006 006 008 009 013 017 016 013 016 001
DST5804*11       000 021 019 017 020 022 021 022 022 023 011 011 008 006 002 002 005 009 011 016 016 018 022 016 020 015
DST5804*12       000 018 017 015 015 014 016 018 017 020 024 027 026 023 023 025 024 022 022 021 016 016 021 016 015 020
DST5804*13       000 015 016 014 017 018 019 018 011 013 019 023 024 022 022 022 023 018 016 017 017 013 015 017 016 018
DST5804*14       000 015 014 014 015 011 004 011 014 019 026 012 012 017 012-001 008 011 013 000-011-016-017-014-014 006
DST5804*15       000-023-019-016-021-019-010-015-019-027-029-021-018-022-021-021-020-024-021-024-032-032-027-023-023-022
DST5804*16       000-030-030-030-030-029-030-036-039-038-029-029-040-043-041-034-030-033-040-045-035-030-038-044-029-035
DST5804*17       000-035-058-062-059-053-056-055-057-055-042-041-032-033-037-034-037-039-040-050-046-052-050-044-042-046
DST5804*18       000-044-044-056-069-071-057-057-065-064-058-059-065-060-061-059-054-045-049-047-045-049-059-062-044-056
DST5804*19       000-035-034-030-031-033-031-031-030-026-034-032-030-025-026-029-032-035-031-029-025-035-043-038-037-032
DST5804*20       000-032-029-030-029-032-034-031-030-031-029-025-022-024-026-027-029-028-024-022-018-019-016-015-012-026
DST5804*21       000-007-007-006-014-011-015-018-020-019-017-010-006-010-004-002-006-011-006-011-013-011-013-013-020-011
DST5804*22       000-022-016-013-013-014-018-025-022-022-023-027-024-018-016-015-015-015-012-010-009-005-005 000 003-015
DST5804*23       000 002 000-001-001 000 004 007 005 001 005 007 000-006-006-008-010-020-030-029-027-027-029-028-023-009
DST5804*24       000-022-022-021-028-030-029-031-027-029-027-023-022-024-024-023-028-026-028-025-026-024-022-019-010-025
DST5804*25       000-005-007-016-020-020-017-018-018-014-005-002-004-002-001 000 003 004 005 005 006 009 013 018 020-003
DST5804*26       000 021 018 015 012 014 014 011 009 009 012 013 012 015 023 029 031 018 024 016 017 016 013 010 010 016
DST5804*27       000 004-001 001 005 006 007 004 001 002 007 011 010 014 009 010 012 010 007-008-012-015-006-009-015 002
DST5804*28       000-017-023-020-029-029-030-029-030-028-031-030-034-035-039-044-039-042-039-039-054-064-060-048-047-037
DST5804*29       000-045-030-031-042-039-049-046-040-046-041-039-043-041-031-029-033-035-040-036-035-041-039-031-030-038
DST5804*30       000-023-022-024-016-026-031-031-025-026-020-014-022-021-024-022-026-026-026-028-034-029-024-027-029-025
DST5805*01       000-030-024-026-022-021-028-029-029-031-028-017-019-024-024-025-023-026-028-019-018-020-019-016-012-023
DST5805*02       000-012-013-016-021-025-020-025-033-036-024-018-020-021-020-022-022-025-024-020-021-020-022-017-010-021
DST5805*03       000-007-005-006-006-011-008-009-010-009-005-001-002 003 005 006 004 002 002-002-005-010-016-016-014-005
DST5805*04       000-012-008-001 004 003-001-001-007-013-015-012-012-013-010-006-005-004-001-001-002-004-011-017-017-007
DST5805*05       000-015-011-015-016-009-005-006-008-005-002 005 007 008 007 004 002 003 008 007-002 001 000 000-007-002
DST5805*06       000-010-016-021-017-009-010-010-007-008-006-003-002-003-007-008-012-009-005-006-008-006-005-001 002-008
DST5805*07       000 009 006 004 006 003 004 004 002 002 004 009 015 009 006 005 007 009 013 016 016 019 013 016 020 009
DST5805*08       000 026 032 032 029 027 024 021 019 013 012 019 021 021 030 024 016 012 015 016 015 014 008-004-005 018
DST5805*09       000 003 010 014 017 021 026 027 020 008 007 006 014 021 017 020 023 021 018 015 012 011 009 008 005 015
DST5805*10       000-001-004-001 006 007 006-001-013-020-012-016-017-018-009-005-010-012-008-015-015-019-015-018-019-010
DST5805*11       000-011-003 003 005 005 005 002-012-023-028-022-008-001-001-002 000 002 003-003-006-007-002 003 004-004
DST5805*12       000 006 007 009 010 010 011 011 007 007 010 012 012 021 026 028 024 022 028 018 000-015-017-020-011 009
DST5805*13       000-018-016-005-002 000-001 003 005 004 009-003-015-020-014-007-015-015-020-027-038-044-055-058-044-017
DST5805*14       000-042-057-058-049-054-057-061-050-051-042-039-034-027-027-031-028-031-036-042-041-041-039-037-031-042
DST5805*15       000-029-034-030-026-030-040-043-041-039-033-027-026-024-023-026-027-023-022-025-030-029-025-030-033-030
DST5805*16       000-031-026-024-025-022-023-029-028-021-024-019-017-016-013-016-022-022-022-016-015-017-022-019-018-021
DST5805*17       000-023-017-012-012-014-016-015-015-016-011-012-010-012-009-011-016-015-013-012-016-017-014-011-009-014
DST5805*18       000-019-012-014-018-010-010-010-014-016-013-021-016-008-005-009-014-012-013-016-019-020-025-028-024-015
DST5805*19       000-022-020-017-015-014-012-019-019-013-012-012-013-009-008-010-008-008-008-009-008-009-009-015-014-013
DST5805*20       000-011-007-005-006-007-006-006-005 000-003-006-005-002 001-001-003-002-002-003-003 001 004 006 006-003
DST5805*21       000-002-006-006 000-007-004-005-005-003 000 000 000 004 007 006 004 005 008 010 010 008 005 004 003 002
DST5805*22       000 003 004 008 009 013 014 012 011 011 011 010 008 008 010 011 013 012 014 017 017 014 012 012 013 011
DST5805*23       000 011 008 009 011 012 014 017 019 021 019 018 019 020 021 022 022 023 023 021 017 021 020 020 021 018
DST5805*24       000 017 016 019 019 018 019 019 019 021 019 018 018 019 025 023 019 017 016 016 017 020 022 022 018 019
DST5805*25       000 017 020 023 026 031 031 031 025 024 023 025 026 030 036 039 043 045 048 049 044 042 032 020 013 031
DST5805*26       000 005-010-014-011-006-001 005 001 000-009 001-008-017-018-023-040-045-053-045-045-045-048-041-036-021
DST5805*27       000-036-037-033-033-031-034-030-028-024-019-013-025-029-021-019-019-019-021-024-028-031-028-032-036-027
DST5805*28       000-050-041-037-037-040-036-033-035-032-027-024-022-023-023-022-025-029-026-024-022-022-020-017-014-028
DST5805*29       000-018-029-026-021-010-006-019-039-045-051-074-078-077-081-098-101-103-097-100-091-081-071-061-052-060
DST5805*30       000-051-054-057-059-055-052-045-043-039-033-028-031-030-030-033-038-037-035-041-043-039-035-030-032-040
DST5805*31       000-035-038-043-037-037-038-041-044-043-038-035-036-032-033-035-032-027-021-066-101-125-123-129-165-056
DST5806*01       000-166-141-119-121-104-089-111-101-091-077-081-079-074-071-067-065-056-054-063-060-057-064-068-058-085
DST5806*02       000-052-053-068-061-051-058-066-049-045-041-034-038-049-058-060-060-059-052-055-052-055-049-046-043-052
DST5806*03       000-041-038-034-027-029-028-030-028-027-024-023-024-026-023-024-026-025-026-019-017-014-015-017-017-025
DST5806*04       000-015-015-010-006-010-009-008-005-001 002 005 003 002 001-001-004-003-002-001 001 005 011 011 006-002
DST5806*05       000 002 000 003 003 003-001 002 001-003-001 005 007 005 006 007 012 010 013 015 018 019 017 011 009 007
DST5806*06       000 008 011 012 013 015 015 012 008-008-004 003 006 010 012 011 012 016 022 019 016 012 002-010-028 008
DST5806*07       000-033-029-089-116-087-076-096-087-115-132-111-107-102-104-096-091-089-085-079-072-064-058-054-051-084
DST5806*08       000-053-051-048-044-041-037-034-032-031-030-027-027-029-029-030-028-023-016-023-020-016-006 000-018-029
DST5806*09       000-018-017-013-015-015-018-018-017-016-015-016-020-017-008-007-013-013-012 000-001-005-008-023-057-015
DST5806*10       000-080-079-080-081-076-077-073-060-051-048-047-044-045-046-051-048-046-045-048-048-040-037-028-025-054
DST5806*11       000-030-042-050-044-035-029-020-025-029-021-014-012-012-014-015-023-028-029-020-018-013-018-026-023-025
DST5806*12       000-022-020-015-011-011-019-023-017-023-022-019-017-014-015-018-021-023-018-016-020-015-007-001-003-016
DST5806*13       000-006-011-010-008-008-008-005-008-006-003 000 000 000 000-001-002-001 002-002-001 000 001-002-001-003
DST5806*14       000-004-007-006-005 000 001-001-004-007-004 001 000-004-005-004-004-002 003 016 021 012 011 008-003 001
DST5806*15       000-010-003-005-008-012 016 010 005-001-005-007-014-015-017-022-025-022-020-018-015-010-009-009-010-009
DST5806*16       000-012-014-015-012-010-010-009-015-020-018-023-025-028-022-022-021-019-014-016-017-015-013-012-011-016
DST5806*17       000-012-013-011-008-007-007-009-008-007-003-001-004-005-004-001 001 006 009 007 010 011 012 011 008-001
DST5806*18       000 006 009 013 016 017 018 017 017 014 015 012 014 019 024 023 018 015 013 006 002-002-004-002 007 012
DST5806*19       000 010 011 010 013 018 023 023 024 019 019 022 019 013 013 016 019 031 025 020 020 014 015 017 020 018
DST5806*20       000 021 021 013 021 025 027 026 023 017 019 023 020 021 020 022 023 022 022 026 029 032 035 030 023 023
DST5806*21       000 021 013 008-005-027-026-015-006-004-015 004-034-055-043-042-057-064-050-052-059-068-071-078-078-033
DST5806*22       000-066-064-058-046-058-064-060-054-051-052-045-043-044-046-043-042-040-036-032-027-022-015-023-028-044
DST5806*23       000-032-037-032-026-026-031-035-028-025-024-021-018-022-024-022-021-017-011-012-009-003-001-003-004-020
DST5806*24       000-006-013-017-021-018-021-024-020-022-018-016-016-025-034-037-036-027-019-013-014-016-009-010-017-020
DST5806*25       000-017-013-016-020-021-019-013-014-013-015-013-013-016-019-019-019-016-013-017-016-010-006-003-010-015
DST5806*26       000-010-010-011-011-007-009-012-011-010-009-010-010-009-008-006-005 003 008 006 003 001 004 003 001-005
DST5806*27       000-001-006-006-003 000-002-004-003-001-001-006-006-005-002-001 004 005 009 010 012 013 005-001-005 000
DST5806*28       000-006-004-003-005-004-008-011-007-015-006-009-008-001 000 001-004-002 003 017-019-053-066-089-130-018
DST5806*29       000-161-153-160-171-180-165-155-153-146-146-143-135-123-129-134-144-136-123-113-102-086-080-080-080-133
DST5806*30       000-080-080-073-071-078-069-063-057-050-045-036-036-035-032-035-032-027-024-026-029-030-030-035-039-046
DST5807*01       000-039-049-053-049-044-042-039-039-040-039-036-036-033-031-033-034-033-028-029-028-025-025-022-019-035
DST5807*02       000-017-020-020-018-016-016-013-011-014-018-017-013-011-008-005-005-006-005-004-005-008-011-013-012-012
DST5807*03       000-014-011-007-008-008-003-003-005 000 003 006 000-001-002-002-002-003-013-019-019-015-011-005 002-006
DST5807*04       000 001-002-005-005-003 001 002-002-017-030-026-024-018-014-015-015-011-022-024-028-033-036-033-031-016
DST5807*05       000-024-019-012-008-008-008-007-010-012-006-003-004-008-011-013-013-009-005-003 000 003 003-006-001-008
DST5807*06       000 001-001-005-008-004 001 000-003-002-004-002 001 000 000 003 005 006 008 009 010 011 012 010 008 002
DST5807*07       000 006 005 003 003 006 010 014 015 013 008 009 015 021 022 015 011 025 040 035 017 014 010 001-003 013
DST5807*08       000-001 003 006 006 007 005 009 022 040 056 031-038-060-044-051-109-201-197-220-286-327-259-330-321-094
DST5807*09       000-293-272-270-266-265-262-257-250-229-212-188-186-174-174-167-155-133-125-120-120-115-105-096-100-189
DST5807*10       000-101-099-087-090-095-095-091-089-087-076-070-069-073-073-074-074-070-065-062-061-058-055-050-053-076
DST5807*11       000-061-065-061-062-062-060-050-038-043-043-047-050-054-057-057-056-054-049-045-043-049-046-040-030-051
DST5807*12       000-013-022-016-019-027-034-023-028-038-035-038-039-039-040-041-038-031-031-038-031-026-033-029-029-031
DST5807*13       000-029-030-030-025-025-031-032-030-030-032-034-036-036-036-034-033-032-030-030-033-033-031-016-014-030
DST5807*14       000-013-010-011-017-018-017-017-021-028-025-025-022-025-028-030-030-028-028-027-032-034-032-027-022-024
DST5807*15       000-021-022-025-028-031-030-027-026-024-024-023-023-025-024-025-025-026-026-028-032-033-030-026-024-026
DST5807*16       000-024-025-021-017-016-017-020-021-022-020-018-014-015-016-018-021-021-023-024-026-023-024-024-023-021
DST5807*17       000-020-011-002-003-006-014-023-018-013-017-029-027-031-032-030-028-028-026-027-028-031-029-026-023-022
DST5807*18       000-023-018-009-003-001 003-008-025-029-021-015-020-028-018-016-015-013-023-027-034-032-026-027-022-019
DST5807*19       000-013-007-008-006-010-010-009-022-024-026-021-024-025-022-016-011-008-007-006-014-032-042-049-038-019
DST5807*20       000-031-038-046-041-029-029-029-031-040-035-026-028-032-036-034-032-030-029-024-021-020-025-022-015-030
DST5807*21       000-015-013-018-016-015-014-013-019-022-014-011-013-016-013-011-014 003 020 000-010-022-024-026-033-014
DST5807*22       000-031-030-018-021-021-019-020-021-018-017-020-026-008-015-022-024-019-017-014-018-019-017-013-013-019
DST5807*23       000-013-009-007-011-013-012-011-011-009-009-010-013-013-011-012-011-012-010-009-008-006-006-008-005-010
DST5807*24       000 000-005-011-011-010-009-009-006-002-002-002-001-003-006-002-002-002-011-021-013-019-010-001-005-007
DST5807*25       000-001 000-003 000 000-003-006-021-021-018-020-034-030-031-036-034-034-035-033-038-038-036-036-036-023
DST5807*26       000-034-027-025-026-026-023-021-023-022-019-018-017-023-022-022-022-022-020-016-013-011-014-018-017-021
DST5807*27       000-015-012-011-008-001-003-019-021-025-027-009-022-040-041-033-033-035-044-053-064-065-067-062-053-032
DST5807*28       000-044-038-036-034-025-026-015-013-016-012-012-016-020-024-027-024-019-012-002 002 010 010 004 007-016
DST5807*29       000 004 002 004 005-001-004-007-009-005-004-002-004-002 001 003 002 001 000 007 003 003-007-007-002-001
DST5807*30       000 003 003 003 005 008 007-002-004-004-001-001-004-012-015-013-011-010-014-015-019-018-024-016-009-007
DST5807*31       000-006-003-001 000-001-006-015-018-019-020-019-020-023-021-017-009-008-016-009-008-011-015-016-010-012
DST5808*01       000-004-001 001-002-003-001-001-003 000 005-001-030-031-022-019-015-012-014-009-008-015-022-022-016-010
DST5808*02       000-012-005-003-004-003-008-010-009-007-008-006-009-017-018-018-011-007-006 000 003 001 000-003 006-006
DST5808*03       000 008 004-002-009-013-015-021-022-015-010-011-014-014-016-014-011-018-022-024-026-024-018-013-011-014
DST5808*04       000-007-006-006-010-012-012-012-012-008-004 000 004 003 004 006 005 003 001 000 001 002-001 000 002-002
DST5808*05       000 003 002 004 004 005 003 001 000-002-003 000-006-011-010-009-010-007-003 001-001 000-002-002-002-002
DST5808*06       000-002-001 000 003 008 008 006 008 011 005 003 001-002-002-001 002 006 011 012 000 011 010 013 017 005
DST5808*07       000 021 024 023 018 015 020 021 017 010 005-002-012-017-014-007-006-007-011-015-017-014-010-007-004 001
DST5808*08       000-003-001 002 007 008 009 009 008 006 007 007 008 009 013 010 003 002 003 007 007 006 002 001 000 005
DST5808*09       000-002-003-001 004 006 008 008 007 007 012 015 015 015 017 018 017 012 008 011 012 010 003 006 014 009
DST5808*10       000 018 013 016 016 020 021 018 011 018 026 016 000 005 006 002 001-006 004 006 010 010 013 006 005 011
DST5808*11       000 009 010 005 009 015 006-003-007-004-002-011-008-007-006-007-008-008-008-004 007 007 003 001 004 000
DST5808*12       000 006 007 007 004 000-004-003-002 002 000-003-002 003 002 000-004-003 002 010 015 016 012 011 015 004
DST5808*13       000 017 014 015 015 009-005-018-028-017-007-016-016-018-016-011-011-013-008-008-009-007-007-005-002-006
DST5808*14       000-001-003-003 002 006 004 003 004 004 006 006 001-004-005-004-003 000-003-010-006-003-004-006-004-001
DST5808*15       000-003 004 006 003-003-001 003 005 006 008 009 007 003 001-001-004-002 002 007 009 009 010 015 012 004
DST5808*16       000 010-003-011-006 002 004 000 000 001 004 002 000 000 003 003 000-005-009-002 001 003 004 005 009 001
DST5808*17       000 010 014 015 015 018 019 043 035 004-016-015-019-010-008-010-015-017-025-074-091-089-098-092-098-021
DST5808*18       000-073-058-052-050-056-076-065-055-049-052-053-048-055-060-062-060-057-049-040-034-030-032-033-034-051
DST5808*19       000-033-031-032-030-029-028-024-020-019-017-018-017-022-027-029-027-022-018-012-007-008-010-008-007-021
DST5808*20       000-007-011-014-011-012-011-008-006-008-005-003-004-007-007-005-003-001-001-004-001 001 001 003 004-005
DST5808*21       000 003 004 002 000 001 003 004 004 004 004 005 010 014 010 009 015 014 004 018 018 017 015 018 024 009
DST5808*22       000 020 013 023 027-002-027-045-039-031-030-023-020-020-021-021-023-032-032-029-018-013-015-017-017-016
DST5808*23       000-019-018-018-017-024-022-025-021-017-012-009-008-009-010-011-012-015-018-016-012-019-017-015-019-016
DST5808*24       000-015 008 012-043-077-096-089-091-092-092-084-065-078-069-059-068-074-071-066-065-058-051-045-042-061
DST5808*25       000-041-042-043-053-057-064-063-059-054-044-045-048-044-040-041-042-044-045-044-042-044-043-040-039-047
DST5808*26       000-039-035-033-034-038-045-048-045-047-050-051-058-055-047-045-046-046-045-043-039-034-031-029-026-042
DST5808*27       000-024-028-031-002-017-045-060-069-109-105-083-069-077-079-073-079-076-076-067-067-065-066-063-055-062
DST5808*28       000-051-045-039-036-036-039-041-039-036-039-037-031-033-034-036-038-038-037-038-035-040-041-041-040-038
DST5808*29       000-037-032-030-027-026-028-029-026-020-021-019-020-020-022-027-030-030-027-026-022-021-024-026-027-026
DST5808*30       000-027-023-020-019-023-021-015-010-009-012-009-009-012-015-021-020-018-019-018-013-008-006-008-009-015
DST5808*31       000-009-013-010-008-007-011-011-013-012-014-017-015-016-021-023-019-022-024-019-014-012-012-011-009-014
DST5809*01       000-010-009-008-006-007-007-008-008-008-011-010-011-011-009-008-010-010-005-002-002-006-009-007-003-008
DST5809*02       000-005-006-004-001-001 000 000-002-007-001 000 002 000 001 007 011 010 008 008 007 006 003 000-003 001
DST5809*03       000-011-013-010-002 000-002-001 007 010 010-023-002 003-012-030-007-006-019-033-037-050-097-113-106-023
DST5809*04       000-110-096-080-061-055-048-052-050-045-031-030-031-031-023-039-094-149-188-213-229-283-288-302-293-118
DST5809*05       000-294-291-292-296-261-244-219-209-190-180-174-164-154-151-152-144-136-125-115-113-112-099-093-096-179
DST5809*06       000-097-099-098-098-098-099-095-085-082-082-080-078-074-069-066-065-063-057-055-056-053-052-049-046-075
DST5809*07       000-044-043-046-048-047-045-042-039-040-035-039-035-031-026-026-035-041-043-048-050-049-060-066-061-043
DST5809*08       000-056-060-060-058-051-047-044-035-029-024-023-026-029-027-028-022-021-017-019-017-018-020-024-030-033
DST5809*09       000-021-039-040-033-033-028-022-020-018-022-024-023-021-019-030-032-031-031-038-041-048-049-044-040-031
DST5809*10       000-037-033-032-031-029-026-024-019-019-021-017-016-016-016-017-011-010-011-012-013-015-016-019-014-020
DST5809*11       000-014-013-019-014-013-017-010-008-006-006-010-010-008-010-006-006-006-010-012-016-021-019-014-010-012
DST5809*12       000-010-009-007-009-016-014-013-008-008-007-008-006-004-001 001 001 001 000-003-006-008-010-008-005-007
DST5809*13       000-003-001 000 004 004 002 002 000-001-001 000-001 000 000-001 003 007 009 006 004 001-002 002 007 002
DST5809*14       000 007 004 011 005 007 008 008 009 013 016 011 008 006 003 007 008 010 010 011 012 010 009 005 002 008
DST5809*15       000 005 007 009 012 015 015 015 017 019 015 014 012 013 014 014 014 019 020 019 025 026 025 022 021 016
DST5809*16       000 019 019 018 024 015-008-010-003 000 004 012 019 021 023 005 010 005-023-045-051-055-051-056-060-007
DST5809*17       000-048-035-033-032-040-040-037-036-038-041-037-035-031-032-030-028-025-025-021-017-017-016-016-016-030
DST5809*18       000-015-014-014-014-014-014-013-013-015-015-014-009-006-003-004-006-005-008-008-008-010-011-007-005-010
DST5809*19       000-003-001 001 000 001 001 001-001 000-003-003 000 001 001 001 000 003 006 009 012 010 009 011 012 003
DST5809*20       000 011 010 007 006 004 003 003 005 007 007 008 010 011 011 011 012 017 017 015 017 015 012 010 010 010
DST5809*21       000 012 009 007 005 006 008 010 010 011 011 009 011 012 010 009 008 007 007 013 017 019 020 016 012 011
DST5809*22       000 009 010 012 012 012 015 015 015 016 015 016 017 022 022 020 018 016 014 012 014 013 014 012 012 015
DST5809*23       000 014 016 017 015 008 007 009 008 010 011 014 024 029 027 022 020 017 014 015 017 017 014 010 012 015
DST5809*24       000 021 028 030 026 021 019 017 011 005 006 004 011 016 015 012 009 005 002 004 004 006 007 007 013 012
DST5809*25       000 020 017 009 000 008-029-057-083-109-126-108-116-126-111-125-127-127-132-123-132-132-115-118-099-085
DST5809*26       000-084-083-091-090-091-081-081-087-091-088-080-080-078-081-077-074-068-067-062-060-059-056-053-050-076
DST5809*27       000-046-044-044-045-050-053-052-048-045-044-047-040-042-042-041-038-037-037-035-035-038-042-041-038-043
DST5809*28       000-036-032-032-035-041-037-033-030-030-029-025-022-018-017-017-018-015-013-010-010-010-012-014-014-023
DST5809*29       000-014-013-012-012-014-016-017-014-013-016-017-011-006-003-001 000 000 001 002 003 002-004-008-007-008
DST5809*30       000-006-006-006-004-002-001-004-006-011-013 006-001-014-015-013-008-013-025-025-025-022-026-034-018-012
DST5810*01       000-014-014-009-004-010-014-028-032-017-019-023-018-014-012-009-006-003-002 001 005-006-012-013-019-012
DST5810*02       000-028-031-030-031-040-043-041-037-036-033-028-020-012-007-003-003-001 003 002 002 000-005-006-008-018
DST5810*03       000-010-011-013-015-020-022-023-030-033-027-021-018-015-005-003-006-016-022-023-024-021-019-020-016-018
DST5810*04       000-014-014-012-010-011-012-013-015-014-010-008-005-003-001-001 002 005 002 002 003 003 005 011 008-004
DST5810*05       000-005-009-007-007-008-007-008-004-003-002-003 000-001 005 006 006 007 007-005-004-002-005-011-007-003
DST5810*06       000-003-005-008-007-006 000 004 006 002-001-004 000 005 002 000 006 009 008 006 012 006 000-004 002 001
DST5810*07       000 005 003-005-004-005-011-012-008-008-015-013-008-006-006-004-002-007-013-010-008-005-007-020-022-008
DST5810*08       000-015-016-030-034-030-024-025-031-021-015-015-014-014-011-006-003-001 000 003 006 007 008 006 006-011
DST5810*09       000 009 006 000-004-003 001-001-001 000-001-001 000 002 001 001 002 003 004 005 007 007 006 005 004 002
DST5810*10       000 008 007 005 003 005 009 011 011 011 010 011 013 017 018 018 017 013 009 010 015 013 013 014 016 012
DST5810*11       000 012 012 013 012 012 011 010 009 009 008 009 007 009 009 009 011 008 007 007 004 003 010 008 004 009
DST5810*12       000 007 010 011 012 011 014 015 015 016 017 020 016 014 013 012 015 017 020 019 022 021 019 016 017 015
DST5810*13       000 018 018 018 016 011 011 011 010 008 001-005-004-005-011-008-001 005 004 007 014 015 018 019 018 008
DST5810*14       000 021 023 021 018 017 013 014 010 015 017 013 012 011 014 013 016 017 018 020 024 027 025 015 016 017
DST5810*15       000 014 010 016 013 012 012 016 012 001 002 003 004 009 007 008 006 007 009 015 013 014 020 022 020 011
DST5810*16       000 022 023 021 014 007-002-003-004-007-006-003 001 005 005 005 004 003 002 006 012 013 016 017 018 007
DST5810*17       000 016 010 010 008 003 003 009 008 009 010 009 011 013 013 013 011 006 009 007 014 015 015 010 011 010
DST5810*18       000 014 016 012 013 014 012 007 008 006 007 005 007 007 005 006 006 004 005 010 015 019 017 016 017 010
DST5810*19       000 017 017 016 012 013 014 014 017 018 018 015 011 007 011 013 010 006 000-002 003 006 009 010 009 011
DST5810*20       000 013 013 009 005 006 006 007 006 007 006 007 009 008 009 012 013 015 022 024 021 023 020 016 018 012
DST5810*21       000 015 010 007 003 005 006 005 000 001 002-001-001-004-002 001 004 002 006 003 009 014 013 010 013 005
DST5810*22       000 015 017 014 026 014-003-033-054-073-058-049-053-058-057-052-050-062-061-067-062-062-070-085-088-042
DST5810*23       000-079-073-075-078-092-101-108-115-106-104-104-083-085-093-090-101-108-109-109-097-088-078-078-079-093
DST5810*24       000-080-083-085-082-087-089-094-077-100-128-158-142-156-177-157-162-159-151-139-134-138-150-147-146-126
DST5810*25       000-129-114-114-113-110-109-104-101-095-094-094-093-091-089-088-083-078-075-072-068-063-062-067-067-091
DST5810*26       000-060-056-054-046-049-050-059-063-064-065-062-056-056-055-049-053-055-058-060-054-052-056-053-048-056
DST5810*27       000-044-045-047-048-049-049-043-044-047-041-037-037-035-035-035-025-027-038-061-103-109-090-087-091-053
DST5810*28       000-079-074-078-078-068-059-054-033-047-063-054-058-065-053-054-060-069-061-051-059-055-058-059-056-060
DST5810*29       000-055-052-059-065-061-063-056-056-056-050-045-037-035-034-031-030-032-031-026-029-037-037-044-041-044
DST5810*30       000-041-044-043-043-042-041-041-037-038-034-035-031-027-028-028-032-031-032-037-034-025-026-023-013-034
DST5810*31       000-014-017-021-022-015-017-014-016-011-013-012-015 001-004-005 004-007-002-002-002-006-006 002 008-009
DST5811*01       000 007 009 009 000-004-003-001 000-003-005 001 007 005 010 012 025 018 012 010 006 009 004 003 005 006
DST5811*02       000 004 004 002 003 006 008 011 012 012 009 006 011 004-005-013-029-047-062-056-039-038-042-040-039-013
DST5811*03       000-033-035-030-036-057-049-043-041-043-041-036-033-032-034-028-029-029-027-026-023-028-023-021-022-033
DST5811*04       000-022-022-023-027-028-027-021-018-020-021-021-019-021-018-013-011-010-010-013-013-014-010-008-008-017
DST5811*05       000-004-001-001-005-006-005-007-007-006-005-005-006-006-009-009-008-007-008-009-006-007-006-008-009-006
DST5811*06       000-008-005-004-001 002 004 004 005 007 006 004 005 006 006 007 005 005 003 002 003 005 004 003 007 003
DST5811*07       000 008 008 006 006 008 011 009 011 011 011 010 011 010 006 003 000 002 003 001-003-001-003-002 001 005
DST5811*08       000 000-001-004-005-003-002-004-004-001-001 002 007 006 004 002 000 004 002 002 003 004 006 006 004 001
DST5811*09       000 006 006 007 006 003 002 005 010 013 017 020 025 026 025 024 025 028 031 032 035 038 040 040 040 021
DST5811*10       000 043 049 038 033 031 026 018 014 013 010 001-009 012 012 002 001-001-013-020-020-014-013-012-007 008
DST5811*11       000-007 003-026-021-027-048-058-049-034-030-037-028-023-019-016-013-013-014-013-012-012-010-010-007-022
DST5811*12       000-003 002 006 002-004-005-002-003-004-003-007-007-003-005-005-003-003-004-006-008-007-012-017-012-005
DST5811*13       000-011-010-006-002-004-007-012-012-010-014-013-007-002 002 002 003 001-001 000-002-003-003-004-004-005
DST5811*14       000-003-005-002 002 002 003 004 006 007 006 006 008 009 006 003 008 010 011 012 012 011 008-001-006 005
DST5811*15       000-002 005 007 010 014 012 006 000 005 002 002 005 009 010 010 013 013 012 010 011 011 010 012 016 008
DST5811*16       000 017 015 027 029 023 019 011 011 018 022 010 011 007 004 006 005 008 005 003 005 006 001-001-002 011
DST5811*17       000-005-004 001 000 003-004-006-004-004-002-003 003 011 010 010 011 007 005 007 007 007 005 004 004 003
DST5811*18       000 004 005 010 010 004 007 008 006 002 002 003 004 005 006 007 009 007 003-004-013-016-014-015-016 001
DST5811*19       000-013-015-011-011-008-006-005-003-002-002-002 001 006 006 006 003 002 002-001-002-003-002-004-007-003
DST5811*20       000-009-008-005-002 002 006 008 008 011 010 009 011 014 015 016 016 013 011 009 008 008 007 008 009 007
DST5811*21       000 009 010 014 016 018 016 012 012 016 012 005 007 010 010 010 011 012 013 015 015 013 014 015 013 012
DST5811*22       000 017 017 017 018 013 012 012 013 011 011 009 009 012 012 016 016 014 016 019 019 018 020 022 023 015
DST5811*23       000 023 023 025 030 027 018 012 012 013 025 020 010 001 000 005 009 011 007 008 010 007 005 002 003 013
DST5811*24       000 004 006 007 008 003 001-001-007-014-022-015-011-015-011-007-006-004-004-004-004-005-003 003 005-004
DST5811*25       000 002 004 009 013 015 022 026 029 032 027 024 019 019 016 010 004-004-013-020-036-043-047-045-040 001
DST5811*26       000-042-041-038-033-030-028-023-019-019-020-021-022-023-022-017-015-015-017-015-011-011-011-014-012-022
DST5811*27       000-010-005-005-006-009-011-007-003-006-015-018-016-006-007-008-010-011-008-005-013-020-022-024-022-011
DST5811*28       000-021-009-005 000-006-005-005-015-008-005-005-007-006 001 016 018 014 018 017 007-003-005-005-008-001
DST5811*29       000-011-012-012-012-019-020-018-021-026-028-015-011-008-010-007-008-006-004-006-007-010-008-006-001-012
DST5811*30       000-003-003-003-004-004 000 001 003 000-001-002-001 001 003 007 007 006 007 008 009 006 004 004 002 002
DST5812*01       000 002 005 011 012 007 011 011 013 015 014 014 016 012 008 005 008 009 009 012 012 010 009 009 007 010
DST5812*02       000 005 006 011 014 015 016 020 023 023 022 004-024-040-049-056-052-046-044-048-046-044-040-027-021-016
DST5812*03       000-025-026-025-016-017-017-019-016-013-012-009-008-010-012-008-003 001 001-001-007-010-006-006-009-011
DST5812*04       000-003 016 012 028 024 025 021 025-005-033-056-046-050-050-063-096-116-123-138-133-154-171-172-183-060
DST5812*05       000-176-163-155-149-140-138-134-126-119-109-101-093-097-090-081-074-065-067-064-064-068-065-063-061-103
DST5812*06       000-065-064-051-044-042-042-045-045-043-049-049-046-048-046-048-048-050-048-045-045-041-039-041-041-047
DST5812*07       000-037-034-028-023-023-023-028-024-025-025-022-019-020-018-011-011-013-016-017-016-016-014-015-016-021
DST5812*08       000-018-015-007-004-003-002-004-005-003-002-005-008-007-001-006-005-007-006-005-011-013-007-002-013-007
DST5812*09       000-013-020-021-013-006-006-006-016-014-008-003-003-014-010 000 005 006 002-003-003-003-001-002-005-007
DST5812*10       000-008-010-008-009-011-007-007-012-007-005-004-004-006-006-005-003-002-003-004-004-002 000 002 001-005
DST5812*11       000 001 004 006 005 004 006 006 004 004 008 003 007 008 010 009 011 007 008 009 007 005 002 007 009 006
DST5812*12       000 008 007 002 004 008 008 006 005 006 006 000 001 002 004 007 010 007 009 008 007 007 002-005-008 005
DST5812*13       000-001-002-011-013 000 007 002 003 011 013 018 016 009-026-049-069-083-098-106-107-108-092-079-076-035
DST5812*14       000-070-056-044-033-031-056-063-060-054-043-034-034-036-053-055-055-056-052-047-053-061-065-060-060-051
DST5812*15       000-059-050-039-037-035-036-031-029-028-022-016-018-022-020-018-020-024-017-009-009-003-003-004-003-023
DST5812*16       000-001 002 024 001 006 016 013 015 004 002 012 014-014-019-011-018-016-010 007 010 008 010 012 013 003
DST5812*17       000 013 015 018 013 009 007 002 001-004-009-013-010-011-010-008-007 002-013-007-027-021-021-063-066-009
DST5812*18       000-094-111-099-103-104-092-085-075-065-060-056-058-057-058-067-069-066-063-063-061-060-057-053-055-072
DST5812*19       000-060-074-078-075-070-071-074-068-062-062-055-053-052-043-044-044-041-039-037-034-030-025-026-027-052
DST5812*20       000-031-035-029-025-026-029-035-035-028-019-019-016-014-018-020-021-020-019-017-019-019-013-016-020-023
DST5812*21       000-023-021-017-018-021-023-020-023-019-021-019-017-013-013-014-015-014-012-013-014-008-008-010-011-016
DST5812*22       000-018-021-018-014-013-016-019-020-016-009-010-006-004-002-004-001-005-005-003-010-002 003 004-001-009
DST5812*23       000-002-003-001 002 005 003 005 002-008-009-009-007 002-001-014-013-010-011-014-015-016-014-020-022-007
DST5812*24       000-019-015-014-015-013-011-013-015-008-004-003-002-001-003-003-001-005-008-004-002-001 000-001-003-007
DST5812*25       000-002 000 002 001-001-001 003 004 004 004 005 007 005 004 001 004 001 005 008 007 011 018 019 031 006
DST5812*26       000 034 023 024 019 013 013 013 008 008 008 012 008 001-003-010-006-006-010-009-004-003-004-010-012 004
DST5812*27       000-009-010-009-011-020-031-036-032-023-018-024-033-028-017-023-023-023-020-017-013-014-011-012-011-020
DST5812*28       000-013-010-002-007-010-018-021-018-011-011-006-007-003-002-009-015-016-011-010-010-013-015-007-009-011
DST5812*29       000-009-013-010-007-011-016-018-015-009-007-006-001 000-003-004-006-011-012-009-011-017-015-018-020-010
DST5812*30       000-019-014-010-006-008-005-007-007-007-010-004 005 007 003 009 009 004 004 003-004-001-006-009-015-004
DST5812*31       000-010-007-004-003-005-007-011-008 001 003 001 002 005 005 007 010 008 008 009 004 008 010 008 008 002
