DST6201*01       000-003-004-006-007-005-004-003-003-002 001 001 001-001-001-003-001 000-001 001 004 006 005 006 000-001
DST6201*02       000-004-007-011-013-011-006-007-016-022-020-009-013-017-018-017-013-011-013-015-013-008-007-010-009-012
DST6201*03       000-008-008-009-008-006-004-004-004-002 002 003 003 002-004-005-002 001 002 003 003 002 002 002 001-002
DST6201*04       000 000-004-003-003-001-001-002-002 001 004 007 007 005 005 005 006 004 001 003 006 007 008 008 007 003
DST6201*05       000 007 007 007 007 006 004 003 005 007 009 011 014 014 015 018 021 019 018 017 015 016 017 018 017 012
DST6201*06       000 019 020 016 014 013 014 016 017 017 017 019 016 012 012 013 015 015 011 008 006 011 014 019 021 015
DST6201*07       000 020 020 020 022 021 023 023 022 024 028 026 024 021 023 020 018 011 006 008 010 006 000-004-001 016
DST6201*08       000 004 006 008 006 004 003 002 002 005 009 011 015 018 014 010 008 004 010 014 016 015 015 016 020 010
DST6201*09       000 021 023 020 016 016 014 015 015 017 017 014 009 006 003 007 006 005 001 001 008 006 005 007 010 011
DST6201*10       000 011 012 034 015-003 009 010 027 036 023-029-062-067-082-079-092-092-082-079-075-068-062-060-056-034
DST6201*11       000-050-047-043-042-041-043-039-041-040-035-033-031-031-031-032-031-031-033-032-030-029-029-029-031-036
DST6201*12       000-031-030-026-024-023-023-023-022-019-016-019-021-024-026-024-021-019-018-016-017-018-020-021-022-022
DST6201*13       000-020-019-016-015-014-015-012-012-012-009-013-016-015-016-015-011-008-007-007-007-008-012-013-008-013
DST6201*14       000-003 003 007 008 006 006 006 002 001-003-003-001-001-001-001-007-020-021-016-019-021-025-030-017-006
DST6201*15       000-007-006-007-010-013-012-013-015-019-016-015-016-017-016-014-011-009-006-004-006-005-008-015-011-011
DST6201*16       000-006-004-005-006-006-007-012-007-001 002-001-010-012-010-006-004-006-008-006-007-012-011-009-008-007
DST6201*17       000-007-006-006-009-012-013-012-010-007-007-006-005-007-010-008-006-006-005-008-011-012-009-008-007-008
DST6201*18       000-005-001 003 002 001 001 001 003 005 004 004 001 000 001 000-001-003-001 001 002 004 004 004 009 002
DST6201*19       000 012 026 029 027 029 025 003-009-007-009-004-001 003 004-009-020-026-032-025-022-022-021-025-023-004
DST6201*20       000-016-008-007-008-015-017-017-018-019-018-017-018-021-021-018-014-013-014-014-014-010-005-003-001-014
DST6201*21       000 001 006 007 009 008 004 001-002-006-009-010-007-004-002-002-001-002-005-005-006-004-004-009-008-002
DST6201*22       000-007-005-004-005-006-007-006-008-009-009-009-006-004-003-003-004-004-004-002-003-004-004-003-002-005
DST6201*23       000-003-004-002-001 002 003 004 004 004 002 002 001 001 000-004-005-002 000 001 001 000 001 002 002 000
DST6201*24       000 004 005 006 007 006 007 009 011 010 008 006 003 003 004 006 006 005 007 008 009 008 008 006 007 007
DST6201*25       000 009 013 014 014 015 018 023 025 023 012 006 008 009 011 011 011 014 013 016 015 014 012 013 015 014
DST6201*26       000 017 009 011 004 003 003 004 010 012 011 008 004 001-001 000-003-004-004-011-014-010-005-008-009 001
DST6201*27       000-010-006-001 002 000-001-002-001 002-004-009-007-004-006-010-010-009-008-009-010-010-008-007-006-006
DST6201*28       000-010-010-009-008-008-007-006 000 001 000-002-001-001-003-004-005-004-003-004-006-005-005-007-010-005
DST6201*29       000-008-008-008-008-008-004 000 004 004 004 006 010 007-004-009-009-006-003-004-005-003 001 004-001-002
DST6201*30       000-004-005-007-008-006-003-004-002 002 002-001-004-007-010-009-007-002 001 002 005 004 000-001 000-003
DST6201*31       000 001 000-001-003-005-005-001 005 008 009 008 007 007 004 002 000 000 000 000-001 001 006 008 009 002
DST6202*01       000 009 008 007 008 007 008 011 014 017 020 021 021 022 021 019 018 020 020 021 019 019 020 020 015 016
DST6202*02       000 012 006 006 008 005 005 004 007 015 018 016 016 016 013 011 009 010 011 006 003 001 001 001 002 008
DST6202*03       000 005 007 005 004 002 001 003 004 006 011 015 016 016 015 013 010 007 007 007 002 001 004 004 006 007
DST6202*04       000 010 014 016 014 012 010 005 012 017 032 057 056 032 003-020-042-053-062-055-056-048-051-047-029-007
DST6202*05       000-020-012-018-043-044-042-041-039-037-034-030-027-024-021-023-020-018-011-015-014-016-017-017-017-025
DST6202*06       000-018-018-019-021-022-020-018-012-007-005-008-008-005-002-004-005-005-002-001-001-003 008 006 003-008
DST6202*07       000 002 000 006 005-004-010-010-009-010-009-009-006-002 000-001-008-014-019-017-016-016-017-017-013-008
DST6202*08       000-010-009-007-006-006-005-005-004-005-005-003-002-002-002-002-002-001 001 001 001 002 003 000 002-003
DST6202*09       000 001-002-001 001 004 007 008 003 000 000 000-002 002 007 006 003-001-003-004-004-001-002 000 002 001
DST6202*10       000 004 005 008 008 007 008 009 010 010 009 007 005 004 003 002 004 003 002 003 005 008 011 013 013 007
DST6202*11       000 012 011 010 008 007 009 010 013 014 014 021 021 015 014 019 021 022 025 015-001-022-037-032-034 006
DST6202*12       000-043-051-045-037-034-032-031-031-027-022-019-018-018-019-023-027-027-026-027-026-023-023-023-025-028
DST6202*13       000-020-018-018-023-020-016-010-007-005-007-008-008-004-002-004-009-017-017-013-013-010-010-010-012-012
DST6202*14       000-014-018-020-022-026-026-021-013-009-010-012-012-010-006-008-009-010-004-004-008-009-005-006-007-012
DST6202*15       000-003-003-010-012-012-010-003 002 002-002-001 000 000 000 002 004 010 000 000 004 014 022 022 023 002
DST6202*16       000 028 035 038 031 038 041 033 029 013-010-033-038-041-041-059-077-078-069-071-064-061-064-059-053-022
DST6202*17       000-045-046-045-044-045-044-036-036-036-039-042-036-027-021-021-024-025-023-022-025-026-026-025-023-033
DST6202*18       000-020-019-020-020-019-018-015-015-017-022-016-010-006-004-007-009-011-009-011-011-011-010-013-010-013
DST6202*19       000-010-008-008-009-007-009-010-008-009-007-006-007-006-007-009-009-007-005-003-002-001 000 003 005-006
DST6202*20       000 009 011 011 009 006 004 003 001-002-004-006-003 002 003 001 004-002-001 001 003 003 003 007 013 003
DST6202*21       000 016 018 015 012 009 004-002-003-001-001-002-002-001 003 005 005-002-001-009-006-007-002-002-004 002
DST6202*22       000-003 000 018 025 014 010 012 010 005 004 000-005-003 001-003-012-016-012-007-007-006-004-001 001 001
DST6202*23       000 002 004 002-001-005-007-005-001 002-001-008-003 004 008 003-003-006-005-002-003-005-008-007-008-002
DST6202*24       000-009-006-003-004-004-005-003-002 000-002-006-008-004-007-009-018-019-019-020-017-013-007-004-002-008
DST6202*25       000-001 002 001-003-007-005-005-002-001 002 002 002 004 003 001-001-001 004 008 008 005 007 005-005 001
DST6202*26       000-010-009-006-005-003-005-004 001 004 011 021 026 045 054 060 059 039 018-001-019-022-016-010-016 009
DST6202*27       000-018-015-008-009-006 005 010 004-005-018-024-027-028-028-030-026-032-033-027-031-033-028-027-028-019
DST6202*28       000-028-024-020-016-014-014-013-014-014-010-010-010-006-003 000 002 001 002 002-001-003-001-003-005-008
DST6203*01       000-005-004-003-002-001 000 003 000-004-003-002 001 008 008 003 004 006 003 004 003 005 009 003-002 001
DST6203*02       000-004-008-006-006-010-011-009-006-007-005-005-006 002 002-002-005-008-010-013-009-005-001-001-003-006
DST6203*03       000-001 005 006 004 003 005 005 006 008 012 015 016 023 018 001-006-016-019-020-019-021-026-029-027-002
DST6203*04       000-023-021-016-010-011-008-003 001 005 007 004-001 000 004 007 005 002 002 007 008 008 007 007 006-001
DST6203*05       000 010 012 012 012 012 011 014 020 010 000 000 005 005-003-008-007-014-020-021-020-014-011-013-007-001
DST6203*06       000-001 005 004-016-018-018-014-016-013-012-014-014-016-007-015-024-026-026-027-026-023-024-024-023-016
DST6203*07       000-019-017-019-019-019-018-018-016-016-011-010-011-011-009-009-009-008-010-009-007-007-006-006-008-012
DST6203*08       000-007-006-004-005-006-006-007-007-004-003-004-004-004-003-004-003-004-006-006-005-004-004-006-008-005
DST6203*09       000-007-006-004-003-001 001 002 005 007 006 004 004 003 002 000-001-001 000 003 002 003 005 006 008 002
DST6203*10       000 011 006 002-001-004-009-010-007-003-005-012-016-016-014-017-015-017-019-012-008-006-011-025-023-010
DST6203*11       000-016-012-014-014-016-013-011-013-012-009-010-007-005-004-006-006-008-016-016-013-012-010-010-008-011
DST6203*12       000-005-005-005-005-005-005-005 000-004-003-004-006-009-018-023-026-025-019-022-029-032-028-028-019-014
DST6203*13       000-016-018-013-013-014-015-014-012-011-011-010-009-007-009-009-010-010-007-007-005-004-004-005-008-010
DST6203*14       000-008-006-004-004-005-005-002-003-005-005 000 003 001-003-004 000 000 001 005 005 005 006 007 007-001
DST6203*15       000 004 002-002-007-011-011-009-004 001 007 010 011 010 012 014 012 008 011 012 011 009 004 003 009 004
DST6203*16       000 013 015 011 009 009 008 010 009 006 007 007 010 010 010 010 008 006 006 009 011 012 015 014 013 010
DST6203*17       000 015 016 014 009 006 008 009 009 010 009 012 013 014 009 005 006 007 009 010 013 014 016 017 015 011
DST6203*18       000 018 018 021 019 013 023 028 021 024 020 021 021 015 009 010 009 006 006 006 003-001-001 004 007 013
DST6203*19       000 009 008 013 014 011 002 001 005 013 016 014 009 002-008-020-017-012-009-015-021-023-018-009-009-002
DST6203*20       000-008-004-002-003-008-006-005-001 005 005 008 009 007 004 001-001-003-010-013-008-002-001-007-013-002
DST6203*21       000-015-009-005-005-008-012-011-013-016-010-008-005-003-003-006-009-017-018-016-013-018-021-021-012-011
DST6203*22       000-006-003-002-005-005-005-002-002-002-001 001 003 002 004 006 006 005 005 008 011 011 013 005 005 002
DST6203*23       000 008 011 009 007 005 005 006 005 003 003 001 001 001 002 003 003 002 004 008 009 013 016 017 018 007
DST6203*24       000 019 010 007 003 003 004 003 001-001-005-001 002 003 007 009 009 008 004 006 013 016 019 020 018 007
DST6203*25       000 025 018 011 003-005-009-005-005-008-006-005-006-010-011-008-004-006-007-003 000 001 003 006 009-001
DST6203*26       000 013 009 006 003 002 002 002 002 000 000 001 003 005 006 007 007 008 009 013 014 017 019 020 018 008
DST6203*27       000 017 017 014 017 018 018 016 013 013 013 011 014 015 014 012 017 020 023 019 020 022 023 023 023 017
DST6203*28       000 021 017 016 016 017 017 021 023 022 019 016 016 013 010 009 012 006 009 009 009 004 001 006 003 013
DST6203*29       000-005-011-015-012-009-007-010-011-007-001 004 006 002-003 000 003 004 005 006 005 007 009 011 009-001
DST6203*30       000 007 003 004 004 005 004 005 006 005 007 008 009 008 009 014 015 015 014 011 007 003 003 005 007 007
DST6203*31       000 007 008 012 013 016 018 019 019 015 017 014 014 015 016 016 017 019 020 018 022 027 032 032 027 018
DST6204*01       000 028 027 026 019 008 006 001 004-002-005-003-010-012-008-005-002-003-003-004-003-001 002 005 007 003
DST6204*02       000 005 001-003-006-002 002 003 004 007 008 007 007 006 004 002 001 000 002 005 003 002 004 004-003 003
DST6204*03       000 003 007 006 006 004 000-011-011-004 002 002-001-001-003-003-003-008-004-009-011-009-006 001 001-002
DST6204*04       000-001-002 001 000-004-009-008-008-012-021-019-010-002 001-001-002 000 000 004 005 007 008 005 000-003
DST6204*05       000-006-017-017-016-015-012-010-008-005-005-005-003 000 001 001 003 005 008 010 013 016 019 024 028 000
DST6204*06       000 023 030 030 029 016 009 006-003-008-012-010-003-007-009-007-006-004-004-013-012-018-020-014-016-001
DST6204*07       000-025-031-025-028-036-035-032-042-048-040-038-033-033-039-038-035-029-028-026-027-028-031-037-027-033
DST6204*08       000-034-036-034-036-035-035-032-025-018-015-013-010-009-013-022-027-033-040-048-049-043-034-028-027-029
DST6204*09       000-031-030-024-022-023-025-028-026-024-019-018-016-015-018-019-019-017-018-017-019-022-015-008-008-020
DST6204*10       000-011-011-012-016-013-010-007-005-007-019-027-033-029-017-023-033-036-034-039-045-045-039-025-024-023
DST6204*11       000-025-034-035-040-042-036-031-032-028-027-028-024-012-012-012-018-026-030-027-027-025-022-022-023-027
DST6204*12       000-021-020-025-026-024-023-021-021-021-017-013-011-008-010-015-015-013-012-013-014-013-015-018-020-017
DST6204*13       000-012-016-018-020-018-016-018-018-017-015-015-012-009-009-009-010-012-013-014-014-013-010-007-008-013
DST6204*14       000-007-008-010-006-003 000-001 000 001 003 001-002 001 003 005 004 002 002 004 002 004 005 007 007 001
DST6204*15       000 007 006 003 000-001-003 001 005 007 010 010 008 009 021 036 033 018 014 015 022 024 024 025 019 013
DST6204*16       000 007 007 007 003 000 004 006 005 005 004 002 002 003 003 002-001-001 001 002 004 004 007 009 010 004
DST6204*17       000 007-002-009-012-012-010-004 001 003 001 003 003 003 003 003 001 004 007 005 004 004 006 007 008 001
DST6204*18       000 006 002-005-009-013-015-014-015-016-017-020-012-002 000-003-002-004 000-001 000-002 003 006 004-005
DST6204*19       000-001-002-009-010-007-005-003-005 000 003 001-002 000 002 002 004 005 007 006 005 006 009 008 002 001
DST6204*20       000-004-012-012-010-008-006 000 003 003 003 004 007 011 013 012 012 010 013 014 010 011 011 009 012 004
DST6204*21       000 033 030 027 029 030 029 029 019 019 020 029 031 031 026 023 022 023-001-026-034-031-024-027-033 011
DST6204*22       000-033-040-039-033-038-039-040-039-032-031-031-034-033-026-033-035-033-032-034-037-038-035-028-026-034
DST6204*23       000-034-036-034-031-028-027-028-024-023-021-020-020-017-016-018-021-021-018-015-015-018-018-020-022-023
DST6204*24       000-021-018-014-010-010-012-011-010-008-009-010-010-005-007-005-001 002 005 004 006 006 007 003 001-005
DST6204*25       000-003-005-004-003-003-004-004-003-004-003-004-012-008 001 009 005-002-002 005 001-004-003-001-002-002
DST6204*26       000-004-004 000 001 006 000-007-012-013-016-011-020-020-020-016-017-013-010-008-005-004-007-012-010-009
DST6204*27       000-008-008-010-010-012-015-016-016-014-009-011-014-014-014-015-015-015-013-013-015-013-008-004-005-012
DST6204*28       000-007-007-008-010-012-011-008-006-003-003-003-001 001-001-005-005-006-004 001 000-003-003-004-007-005
DST6204*29       000-005-003-006-005-003-002-001-004-003-003-002-001-005-008-005-004-003-003-004-006-009-010-008-006-005
DST6204*30       000-001 004 007 007 004 005 005 003 002 003 002 003 003 003 000-007-013-010-007-005-003-007-004-002 000
DST6205*01       000-003-004-007-007-010-011-013-010-005-004-003-002-001-002-004-006-006-004-003-001-003-007-009-006-005
DST6205*02       000-004-004-009-015-017-018-014-012-006-005-008-008-003-001 000-002 000 003 000-004-009-016-018-019-008
DST6205*03       000-015-013-012-012-009-010-009-011-013-012-006-003-001 003 003-001-001-001-003-005-002 000 002 001-005
DST6205*04       000 001 003 006 005 003 003 004 006 005 006 007 009 010 011 010 011 011 013 014 015 014 012 011 010 008
DST6205*05       000 011 011 010 010 009 009 009 010 011 015 017 019 020 021 025 022 022 029 039 046 051 044 034 034 022
DST6205*06       000 042 046 039 035 034 034 032 035 036 032 017 010-005-019-037-052-063-065-065-066-061-056-054-051-008
DST6205*07       000-043-032-025-023-025-028-027-025-023-024-022-018-014-012-015-018-020-021-019-017-019-019-021-024-022
DST6205*08       000-020-012-010-007-002-001-007-006-005-003-002-001-001-002-004-002-006-008-009-009-007-010-013-009-007
DST6205*09       000-009-009-010-011-012-011-010-008-008-008-006-002 001 002 003 005 006 007 007 009 011 011 009 008-001
DST6205*10       000 009 011 009 007 003 000 002 000 000 002 002 004 006 006 004 001-001-001 003 006 007 007 004 001 004
DST6205*11       000 000 001 002 003 011 012 012 011 014 015 016 017 015 013 016 013 006-008-019-018-013-012-007-005 004
DST6205*12       000-004-002-001 000-002-003-006-004-002-001 000-001-001-002-002-001 002 004 002 004 007 011 011 012 001
DST6205*13       000 013 014 017 012 002-002-003 003 006 007 004 004 007 007 006 008 012 009 006 005 003-008-007-010 005
DST6205*14       000-018-019-021-019-022-017-018-013-007-004-003-006-005-002-002-001 000 000-001-006-008-014-016-013-010
DST6205*15       000-012-011-006-007-008-005-003-005-002 003 003 006 007 005 001-004-003-006-007-009-005 000 001 000-003
DST6205*16       000 001 002 004 004 002-011-015-015-009-008-010-010-006-001-001-004-003-003-003-005-003-001-005-007-004
DST6205*17       000-006-002 001 002 002 003 001 000-001-001 000-001 000-003-006-007-005-004-001 004 007 004 003 002 000
DST6205*18       000 002 003 001 003 005 003 002 003 006 008 008 009 004 003 001 000 001 003 005 005 009 010 008 007 005
DST6205*19       000 007 010 013 012 012 012 012 005-004-003-003-002-001-001-002-002-002 002 005 005 002 002 002 004 004
DST6205*20       000 007 006 003 003 003 003 005 008 010 007 006 007 007 007 005 002-001 004 008 009 006 002-001-004 005
DST6205*21       000-002 001 004 005 004 005 005 006 005 005 008 010 011 009 008 007 007 008 008 007 007 009 009 008 006
DST6205*22       000 008 010 013 014 013 011 011 011 011 013 014 013 010 007 006 007 009 011 009 009 009 008 008 009 010
DST6205*23       000 010 011 013 015 013 011 013 014 012 012 011 012 013 012 011 011 011 009 006 007 004 005 006 008 010
DST6205*24       000 011 014 013 011 012 013 016 014 013 010 010 012 016 019 020 019 018 019 018 018 019 020 021 020 016
DST6205*25       000 017 017 019 021 022 023 021 021 021 022 023 022 021 023 025 026 026 024 022 022 021 021 023 025 022
DST6205*26       000 024 021 021 021 022 023 027 029 032 034 034 035 036 034 032 031 032 034 029 027 026 025 020 015 028
DST6205*27       000 013 015 019 021 033 030 017 010 004 001 003 005 009 011 007 002 002 002-003-005-009-010-008-007 007
DST6205*28       000-008-008-006-004 000 001 000 005 005 001-004-008-009-007-006-007-010-008-013-017-019-019-011-003-006
DST6205*29       000 002 004 003-004-008-009-005-004-005-006-003-003-003-004-004-002 001 003 002-001-002-003-001 001-002
DST6205*30       000 002 002 001 000 002 003 005 007 008 008 006 002 002 004 005 006 006 007 007 007 007 006 008 015 005
DST6205*31       000 021 024 026 029 030 023 004-011-002-001-015-028-032-038-031-026-029-033-039-039-036-036-029-031-012
DST6206*01       000-027-021-021-018-016-020-020-017-015-013-014-011-010-010-010-005-006-009-009-013-016-014-012-014-014
DST6206*02       000-015-013-010-006-005-005-008-008-008-005-002-003-003-003-004-004-004-005-010-013-011-009-005-005-007
DST6206*03       000-006-006-003-003-002-001-002-001 000 001 004 007 008 008 011 008 008 007 009 008 006 000-004-005 002
DST6206*04       000-007-010-013-011-005-002-001-002-004-011-015-015-010-006-011-011-011-012-012-013-017-016-017-013-010
DST6206*05       000-011-007-005-006-007-009-007-006-007-007-007-006-004-005-008-009-012-014-017-019-016-015-017-020-010
DST6206*06       000-022-028-026-020-016-022-024-022-019-018-018-012-011-014-015-010-009-010-013-013-010-007-004-003-015
DST6206*07       000 004 010 006 004 009 018 032 009-001-004-006-012-012-011-009-010-013-015-014-016-013-012-013-013-003
DST6206*08       000-011-010-007-004 001 002 001 004 004 004 006 009 006 002-001 000 003 007 010 010 012 016 016 014 004
DST6206*09       000 011 014 010 004 001-007-006 001 000 000 007 013 015 009 000-004-001-004-008-019-014-008-004-009 000
DST6206*10       000-011-014-013-012-012-018-018-012-018-019-017-013-012-012-010-009-008-010-011-010-009-006-004-004-012
DST6206*11       000-005-005-005-004-005-005-003-004-004-003-002-001 003 002 001 002 001 001-001-003-004-002-002-007-002
DST6206*12       000-007-004 000 000 001 004 003 002 002 003 006 006 004-001-002 002 004 003 001-002-004-004 000 001 001
DST6206*13       000 001-002 001 002 001 000-001 000 003 005 004 004 007 008 008 007 007 006 005 004 007 008 010 011 004
DST6206*14       000 013 013 012 012 007 003 007 009 008 006 008 012 013 009 004 008 008 004-002-003 000 001-001-005 006
DST6206*15       000-001-003-002-003 004 003 007 014 014 010 008 004 001 000 002 001-001-002-002 001 003 002 002 003 003
DST6206*16       000 000-003-001 003 004 004 004 003 002 003 005 006 004 000-001-002-002-001 000 001-001-001-001-001 001
DST6206*17       000-001 001 005 007 009 009 008 009 009 010 011 009 009 011 014 014 014 014 014 011 012 012 012 012 010
DST6206*18       000 011 008 010 012 014 015 016 014 011 011 012 012 016 018 020 022 022 023 021 018 016 014 014 015 015
DST6206*19       000 017 019 019 017 017 014 016 017 018 019 019 017 013 012 013 012 010 009 009 012 018 018 019 017 015
DST6206*20       000 019 017 015 020 022 020 021 019 018 018 017 019 023 026 025 023 022 024 023 023 023 023 023 024 021
DST6206*21       000 029 028 027 030 030 028 030 033 033 035 034 025 022 025 026 015 009 013 012 007 009 011 009 007 022
DST6206*22       000-006-015-016-006-003 000-002 002 005 003 000 002 005 004 002 003 006 008 008 008 005 004 006 009 001
DST6206*23       000 004 003 004 000 001-004-002 002 001 003 008 008 009 010 008 008 004-006-008-009-011-016-018-017-001
DST6206*24       000-014-016-012-009-008-004-004-001-001-004 001 005 008 004 003 000 002 002 001 003 003 003 004 004-001
DST6206*25       000 002 003 004 006 004-003-009-009-006-002 001 002 002-001-003-001 001 002-001-002 004 008 008 007 001
DST6206*26       000 002 001 001 001 001-001 002 002 004 010 014 017 014 014 013 007 009 012 004-001-001 000 000 009 006
DST6206*27       000 010 011 006 008 009 004-005-015-027-032-037-034-033-030-025-018-014-014-023-023-018-017-014-008-014
DST6206*28       000-009-013-008-005-001-003-010-009-008-012-008-008-006-006-010-009-006-002-002-006-009-013-017-013-008
DST6206*29       000-010-005-002-001-003-003-001 002-002-002 002 005-003-008-009-006-005-001-005-008-003-004-004-001-003
DST6206*30       000 001 003 002 002-006-017-019-011-007-003-004-003-003-003-002 000-002-004-005-007-007-009-011-012-005
DST6207*01       000-010-004-002-002-001 001 002 003 002 002 000 003 002-002-001-002-001 000 002 004 006 002-001 000 000
DST6207*02       000 002 005 007 011 012 009 009 005 006 005 005 011 013 012 012 013 013 013 004-001-002-006-014-024 005
DST6207*03       000-025-019-012-010-009-007-004-001 001 003 008 010 016 013 012 015 019 025 017 014 010 009 007 005 004
DST6207*04       000 007 009 009 011 012 015 010 015 009 006 008 013 013 011 009 008 010 013 015 013 009 006-002-009 009
DST6207*05       000-012-005-004-006-011-014-009-002-007-013-008-006-001 001 007 010 009 007 001 000-001 003 006 008-002
DST6207*06       000 009 010 006-001-011-012-007-008-009-009-006-003-002-002-003 002 005 004-002 006 011 008 000-003-001
DST6207*07       000-002 003 009 010 010 008 007 006 006 003 008 013 016 019 020 015 013 008 001-002 001 001-002 002 007
DST6207*08       000 005 005 000-002 000 000 002 004 005 005 004 003 006 009 013 014 012 011 009 006 004 001 002-001 005
DST6207*09       000 003 004 004 001 001-003-001 003 007 005 003 004 006 006 007 006 005 005 006 006 004 004 005 005 004
DST6207*10       000 007 008 013 012 010 008 008 010 011 011 013 016 015 013 016 015 008 004 007 010 010 012 012 011 011
DST6207*11       000 011 008 009 007 004 003 003 002 003 007 008 008 005 001 005 012 016 014 013 008 006 003-002-002 006
DST6207*12       000 003 005 008 009 008 004 004 005 001-001 003 007 011 010 009 008 011 015 017 017 018 018 014 012 009
DST6207*13       000 005 003 003 002 002 004 008 008 005 002 002 004 005 010 012 018 013 005 002-003-005-007-009-010 003
DST6207*14       000-009-006-004-002-002-007-007-007-003-003-003-003-003-001-001-002-005-005-001-001-003-007-005-005-004
DST6207*15       000-005-006-005 002 003 003 004 005 006 004 003 003 003 006 010 014 014 011 011 009 007 006 003-001 005
DST6207*16       000-001 006 009 008 009 008 007 005 005 006 007 009 009 007 009 009 011 011 011 010 010 010 010 012 008
DST6207*17       000 013 013 015 015 016 018 016 014 013 014 015 015 012 012 014 012 011 012 014 017 016 014 011 008 014
DST6207*18       000 006 004 001 005 009 012 016 016 016 016 014 017 016 014 015 017 018 020 020 017 018 019 019 021 014
DST6207*19       000 025 027 033 033 032 029 026 025 022 014 016 018 023 021 021 024 024 024 018 013 010 011 011 010 021
DST6207*20       000 012 012 007 005 000-003-007-003-009-010-005-002 005 007 009 007 007 004 000 003 001-002-004-007 001
DST6207*21       000-006-005-003-002 003 007 007 003 000-002-004 005 012 015 012 012 011 005 005 005-001-006-011-014 002
DST6207*22       000-014-009-002 001 006 006 002-005-008-004 002 007 007 009 012 011 007 004 002 001 002-003-006-009 001
DST6207*23       000-009-007-006-006-003-003-008-009-008-008-007-005-002 000 002 004 006 015 014 001-005-009-009-010-003
DST6207*24       000-010-013-011-006-004-002 000 002 004 009 013 016 017 019 017 009-007-016-025-025-028-032-037-040-006
DST6207*25       000-045-045-048-047-046-044-041-037-033-028-025-020-014-009-004-004-004-005-005-004-003 002 011 024-020
DST6207*26       000 038 046 057 048 035-001-020-043-059-046-050-039-026-021-028-027-026-028-026-027-029-028-023-024-014
DST6207*27       000-023-017-028-027-021-025-025-020-016-012-012-010-009-013-016-022-020-016-008-006-011-018-020-022-017
DST6207*28       000-021-020-017-024-026-023-022-023-022-020-019-017-016-016-016-016-018-015-016-015-016-021-020-020-019
DST6207*29       000-016-015-016-022-020-016-017-018-014-014-010-010-008-004 001-002-006-006-004-003-005-008-008-006-010
DST6207*30       000-004-001-002-007-012-011-014-013-013-011-011-012-011-010-008-007-010-009-008-008-009-010-007-004-009
DST6207*31       000-001-001-003-004-001 002 003-001-002 000-001 002 005 011 018 027 031 030 033 022 007 014 021 021 010
DST6208*01       000 013-007-011-020-023-029-034-038-034-029-038-036-026-025-027-028-033-029-027-028-029-033-035-028-026
DST6208*02       000-021-019-017-017-017-012-010-009-010-010-009-007-002 002 002 002-002-010-015-015-011-010-004-002-009
DST6208*03       000-005-009-012-018-018-016-016-011-008-008-010-011-008-006-005-005-002 003 005-003-009-008-008-007-008
DST6208*04       000-006-004-005-004-003-004-009-010-008-006-006-001-002-001-001-001-001 000 003 001-002-002-005-004-003
DST6208*05       000-007-011-011-009-007-006-002 000-001 001 000-003-005-001 004 005 004 001-001 000 000-004-004-003-003
DST6208*06       000-004-008-011-006 005-004-014-017-013-011-009-005-006-002 007 003-003-005-005-004-009-016-022-025-008
DST6208*07       000-022-015-014-013-007-008-009-005-007-011-005-004-005-001 003-001-009-018-027-024-022-019-014-014-011
DST6208*08       000-015-025-027-022-018-014-006-013-018-021-013-009-003-006-012-014-011-004-002-002-004-011-022-019-013
DST6208*09       000-016-020-025-017-007-006-009-013-009-009-002-004-009-007-004-005-005-006-012-015-014-011-006-009-010
DST6208*10       000-010-012-015-016-014-014-014-012-014-016-010-011-007-006-004-004-006-008-010-009-009-010-011-012-011
DST6208*11       000-013-011-011-009-006-005-003-004-004-004-003-004-002 002 005 003 003 001 000 000 002 002 004 002-002
DST6208*12       000 000-002-003-002-001 001 005 006 005 005 005 002 004 005 002 000 003 002 003 001 000-004 001 000 002
DST6208*13       000 003 006 009 012 012 008 009 008 010 010 007 005 006 009 011 012 016 017 017 019 019 016 013 017 011
DST6208*14       000 018 014 014 005 006 009 010 011 014 020 020 019 016 022 023 023 022 015 012 003-002-002-001 005 012
DST6208*15       000 005 003 004 004 005-010-026-020-021-017-017-011-008-005-003-002-002-005-003-006-010-015-018-027-009
DST6208*16       000-042-043-041-030-023-027-034-024-019-016-013-010-008-005-001 001 002 001-002-013-012-014-019-030-018
DST6208*17       000-029-022-016-010-010-007-010-013-020-021-017-011-012-004 002 004 004 005 000 000 001-006-014-020-009
DST6208*18       000-022-023-017-020-020-016-019-022-021-017-015-016-014-013-011-012-012-013-013-011-015-017-015-017-016
DST6208*19       000-015-010-010-015-018-018-010-014-018-019-014-012-007-002-004-004-004-006-008-008-012-015-016-011-011
DST6208*20       000-010-009-008-007-006-005-003-003-006-006-003-001-003 001 001 004 004 004 003 004 000 002 002 000-002
DST6208*21       000-005-007-007-007-005-005-002-002-001 002 003 002 005 008 011 012 013 017 017 020 017 013 008-006 004
DST6208*22       000-019-023-024-027-021-018-016-023-024-016-011-007-004-004 000-002 002-001 000-004-013-020-010-001-012
DST6208*23       000-002-010-007-005-008-008-008-010-018-018-018-010-010-016-013-008-008-011-009-008-010-011-009-009-010
DST6208*24       000-011-011-001-001-003-003 001-010-014-016-007-002-006-005-005-008-011-016-017-018-018-018-020-017-010
DST6208*25       000-016-015-013-010-010-008-009-012-011-009-007-012-010-008-008-011-010-011-010-012-015-017-012-011-011
DST6208*26       000-011-009-005-005-005-008-006-005-005-005-007-009-008-010-011-013-011-009-010-012-012-011-006-004-008
DST6208*27       000-002 001 005 003-001-001 003 002 002 000 000 000 000 001 006 006 005 001-002-004-007-005 000 002 001
DST6208*28       000 004 009 008 010 011 013 014 014 010 009 011 015 012 004-002-004-004-003 000 003 004 007 009 010 007
DST6208*29       000 011 015 018 021 017 009-005-009 010 008 002-005-001 001-007-011-009-005-004-005-013-024-027-021-001
DST6208*30       000-016-014-014-011-010-011-011-016-015-013-010-012-018-020-018-020-022-022-022-016-015-014-012-007-015
DST6208*31       000-003-004-011-020-024-035-040-041-036-041-041-038-033-036-038-037-036-035-032-032-030-028-026-026-030
DST6209*01       000-024-019-009-003-002-009-021-036-047-044-038-029-021-024-024-023-024-029-023-019-020-034-030-023-024
DST6209*02       000-017-012-007-016-018-020-019-024-030-026-021-022-022-027-026-033-029-027-031-037-039-034-031-024-025
DST6209*03       000-020-022-025-029-029-022-018-016-017-020-019-011-005-003-009-009-013-018-030-029-027-036-041-037-021
DST6209*04       000-039-030-024-031-041-041-034-038-040-042-040-035-036-032-028-030-031-028-026-028-025-028-029-028-033
DST6209*05       000-027-024-020-018-015-017-019-022-024-031-032-023-020-021-022-029-036-039-038-037-031-030-029-030-026
DST6209*06       000-030-025-024-027-028-030-032-024-023-022-027-028-031-029-026-027-032-037-042-041-041-041-041-039-031
DST6209*07       000-032-024-023-020-021-020-012-019-030-033-035-027-021-021-023-025-025-026-025-026-027-026-024-025-025
DST6209*08       000-026-016-017-026-024-018-016-023-040-047-041-035-032-031-029-031-027-022-025-028-028-024-021-024-027
DST6209*09       000-018-015-014-013-012-012-009-007-009-011-013-019-022-023-022-022-024-024-022-025-028-031-026-027-019
DST6209*10       000-026-014-012-013-016-021-018-013-018-026-024-016-012-009-008-008-009-012-014-017-018-017-015-014-015
DST6209*11       000-010-005 004 004 001 000 005 005-004-014-014-009-007-005-007-009-010-011-013-009 000-003-003-003-005
DST6209*12       000 008 017 014 019 022 026-003-040-060-061-056-053-043-046-052-049-049-054-061-069-073-061-053-044-034
DST6209*13       000-040-030-022-022-025-027-028-037-032-029-024-027-028-028-028-034-038-042-040-046-035-031-027-031-031
DST6209*14       000-028-023-017-016-015-017-020-026-023-021-020-023-023-025-024-022-023-027-027-030-029-028-022-022-023
DST6209*15       000-016-006-003-008-013-013-016-018-015-013-013-011-010-012-010-011-011-010-013-025-029-025-020-019-014
DST6209*16       000-016-011-006-006-011-010-008-008-009-012-012-013-018-021-020-014-013-015-014-013-017-018-019-020-014
DST6209*17       000-014-009-002-001-006-003 001 003-002-006-007-008-009-009-007-004-005-004-008-011-009-010-009-010-006
DST6209*18       000-007-002 000 001 001 002 004 004 000-003-002-001 000 000-001-004-004-004-004-005-003 002 002-002-001
DST6209*19       000 004 017 022 017 003-023-045-053-044-032-028-027-027-026-025-026-024-028-031-034-036-032-033-034-023
DST6209*20       000-039-039-029-025-025-024-022-019-021-020-018-016-016-018-021-019-018-018-016-016-016-016-017-018-021
DST6209*21       000-015-014-008-007-005-011-012-012-012-015-014-013-011-014-014-017-018-020-019-019-018-015-016-016-014
DST6209*22       000-011-016-014-014-011-013-012-013-015-011-012-004-005-006-006-008-017-020-020-023-016-014-012-010-013
DST6209*23       000-010-004-002-007-014-014-014-015-008-009-014-011-011-008-009-011-014-015-014-015-012-011-013-012-011
DST6209*24       000-008-004-006-008-009-005-003 000-001-004-006-008-010-009-009-008-008-010-013-011-015-018-016-013-008
DST6209*25       000-009-003 001 004 004 007 008 008 008 013 015 011 005 000-001-001-001 000 000 005 007 004 007 014 004
DST6209*26       000-011-033-054-057-047-047-050-049-040-031-027-028-027-021-021-029-032-029-025-029-033-033-035-034-034
DST6209*27       000-029-021-014-012-014-016-018-021-019-020-022-018-016-017-017-017-022-024-023-024-024-024-024-023-020
DST6209*28       000-019-015-013-012-009-008-010-012-011-008-009-010-012-008-012-009-007-002 001-001-002-007-022-028-010
DST6209*29       000-028-025-020-015-015-018-022-020-021-025-022-022-026-024-023-024-027-031-040-045-049-052-064-065-030
DST6209*30       000-061-052-046-049-052-053-049-046-044-042-037-033-032-028-021-023-019-018-019-019-019-019-021-020-034
DST6210*01       000-023-019-010-011-012-015-019-035-043-033-034-037-032-031-032-028-032-038-041-038-045-053-050-039-031
DST6210*02       000-038-041-037-038-032-030-031-029-024-018-019-020-024-031-033-029-031-036-039-037-035-035-037-038-032
DST6210*03       000-036-029-021-018-020-020-017-020-026-029-031-030-028-026-026-024-023-026-025-023-021-024-025-026-025
DST6210*04       000-030-028-026-027-029-024-023-023-023-023-026-026-027-025-023-022-022-027-029-028-026-024-027-029-026
DST6210*05       000-025-020-015-010-006-004-003 001 003 002 002 003 004 006 002 002 000-005-019-033-039-035-026-026-010
DST6210*06       000-025-029-031-034-038-039-039-025-021-018-018-019-018-023-023-023-020-019-020-019-019-018-022-022-024
DST6210*07       000-019-013-008-012-019-016-014-015-015-008-010-006-006-007-006-006-008-011-016-014 001 012 001 006-009
DST6210*08       000 004-006-025-017-008-009-019-011-001-006-024-025-019-020-013-009-013-020-029-027-027-019-016-028-016
DST6210*09       000-027-035-029-023-020-014-021-024-023-022-013-011-014-021-028-023-021-019-022-023-020-022-025-024-022
DST6210*10       000-017-014-013-014-014-010-011-013-015-013-010-023-020-015-012-012-015-019-025-022-017-014-017-018-016
DST6210*11       000-018-013-012-020-018-028-029-021-015-013-012-016-018-014-013-011-014-018-018-018-026-026-022-017-018
DST6210*12       000-011-013-011-008-010-011-013-011-012-015-008-006-006-008-009-012-010-009-008-007-006-005-003-002-009
DST6210*13       000 002 004 005 005 005 003-001-001-002-006-015-025-025-019-021-019-014-014-018-016-017-020-018-017-010
DST6210*14       000-015-018-013-011-014-020-032-038-027-019-024-029-030-024-025-022-018-019-036-039-036-029-030-024-025
DST6210*15       000-019-015-014-014-016-018-016-017-017-016-015-016-017-017-015-017-015-011-012-014-013-012-009-010-015
DST6210*16       000-015-012-009-007-007-005-006-007-001 002-001-006-026-022-019-016-015-017-024-020-015-013-016-022-012
DST6210*17       000-023-019-016-016-017-017-018-017-015-012-013-012-014-012-010-010-009-008-006-003-005-004-005-008-012
DST6210*18       000-016-018-026-031-024-015-013-014-010-007-006-005-003-002-003-005-010-014-013-011-009-006-005-004-011
DST6210*19       000 002-002-001 003 005 009 008 004-001-014-010-010-002-008-008-017-011-009-010-017-022-023-023-019-007
DST6210*20       000-018-019-019-018-016-013-011-009-005-003-004-007-009-006-005-002-004-004-002-004-002 005 003-006-007
DST6210*21       000-008-007-005-006-001-004-006-009-010-005-001-001-003-002-002-007-007-012-017-022-022-015-013-014-008
DST6210*22       000-016-011-012-015-020-024-026-026-019-018-022-024-014-009-007-009-010-010-013-023-032-034-024-011-018
DST6210*23       000-004-009-013-014-012-006-006-011-010-008-011-015-014-010-012-014-018-017-018-015-018-024-017-010-013
DST6210*24       000-001-007-015-016-014-010-012-010-009-007-013-017-015-014-013-008-008-019-022-026-029-019-016-024-014
DST6210*25       000-026-022-020-019-024-024-021-025-024-023-020-015-018-025-021-015-011-018-024-025-038-030-027-027-023
DST6210*26       000-023-027-031-030-018-013-013-027-035-036-036-032-038-040-042-048-045-043-040-049-055-053-040-037-035
DST6210*27       000-040-038-039-035-031-028-031-034-029-026-024-027-026-024-022-023-023-025-033-031-033-029-022-019-029
DST6210*28       000-021-018-018-022-018-021-021-023-025-028-030-024-021-020-019-020-022-023-027-031-030-030-028-026-024
DST6210*29       000-023-025-027-027-021-017-018-025-023-021-019-019-022-021-018-016-017-020-018-019-020-017-015-019-020
DST6210*30       000-014-011-011-014-018-021-022-019-020-022-023-018-019-018-020-020-021-018-020-020-023-021-016-015-019
DST6210*31       000-015-014-014-015-015-018-018-019-021-020-024-019-018-017-017-016-017-013-014-013-012-013-011-008-016
DST6211*01       000-007-009-013-014-011-009-008-008-011-013-014-016-016-013-011-010-012-015-016-011-008-011-018-018-012
DST6211*02       000-016-017-018-017-013-011-009-005-003-004-010-014-014-012-005-001 000-004-013-016-015-015-028-035-012
DST6211*03       000-035-032-032-029-027-025-022-021-022-020-013-017-021-025-025-021-014-012-009-012-017-020-023-018-021
DST6211*04       000-015-015-014-013-014-012-009-012-018-016-021-016-017-024-028-026-024-024-021-020-029-032-019-011-019
DST6211*05       000-009-009-007-004-005-011-023-028-026-021-022-022-022-020-014-012-012-011-010-010-007-005-005-001-013
DST6211*06       000-001 005 015 017 000 001 003-002-005-003-004-002-005-005-005-003-003-008-013-008-013-015-013-010-003
DST6211*07       000-011-017-015-013-017-014-008-004-004-009-015-015-016-015-014-010-009-007-008-009-009-006-007-006-011
DST6211*08       000-004-004-002-004-006-007-003-001-003-006-007-011-015-014-005-004-003 000-002-005-007-005-003-002-005
DST6211*09       000-005-010-010-008-011-010-007-002-001-001-002-002-005-004-002 001 002 003 002 003-001-003-006-002-003
DST6211*10       000 003 006 003 000-001 000 001 001 001 001 003 005 004 004 003 001 000-001 000 003 006 009 006 006 003
DST6211*11       000 007 009 011 010 008 006 000 000 001-002-005-007-005-007-007-008-006-009-010-010-010-011-008-007-003
DST6211*12       000-008-006-007-008-009-008-009-007-006-006-007-007-007-007-006-006-006-007-006-002-002-003-006-007-006
DST6211*13       000-008-006-004-003-005-004-002-001-002 000 004 007 007 008 010 007 010 010 006 002-001-002-001-001 001
DST6211*14       000-002-003-001 001 002 003 003 003 007 009 009 008 006 008 008 005 001 002 003 004 006-004-002-001 003
DST6211*15       000 000-001-001 003 001-004-005 003 001-005 002 001-016-036-036-029-027-030-032-039-034-035-034-045-017
DST6211*16       000-048-040-042-034-031-033-032-030-037-036-035-035-033-031-028-029-030-034-033-035-034-032-031-034-034
DST6211*17       000-029-027-027-027-023-021-017-016-018-022-025-024-024-024-022-024-020-018-014-014-015-014-015-017-021
DST6211*18       000-018-017-014-012-010-009-007-004-004-007-010-011-012-012-011-010-010-011-011-010-012-010-009-012-011
DST6211*19       000-015-015-014-010-006-003-001 002 002-001-004-004-006-007-008-009-005-001-001-004-005-003-002-002-005
DST6211*20       000 001 004 007 009 009 010 009 013 016 014 013 014 010 009 009 008 010 014 015 013 011 013 011 012 011
DST6211*21       000 018 017 013 009 013 012-003-017-023-027-024-030-027-026-028-033-035-030-026-021-019-018-003-006-013
DST6211*22       000-004-010-023-032-038-041-044-046-038-043-046-041-047-052-049-041-034-033-031-032-032-031-028-024-035
DST6211*23       000-023-025-025-022-024-029-027-026-025-033-030-024-027-023-022-024-025-018-014-015-016-012-019-019-023
DST6211*24       000-017-016-014-016-015-013-009-015-021-023-020-019-020-025-025-020-016-014-016-015-015-013-011-012-017
DST6211*25       000-012-011-011-021-019-017-014-015-021-021-018-019-021-021-020-017-022-019-019-018-019-018-013-009-017
DST6211*26       000-009-010-009-008-008-005-003-004-008-013-013-014-014-013-012-011-012-013-015-013-014-013-012-008-011
DST6211*27       000-008-008-006-008-012-015-013-011-012-016-016-014-010-005-002-005-010-010-008-005-008-007-005-006-009
DST6211*28       000-006-009-010-009-010-013-012-010-015-019-022-018-011-007-008-010-011-012-008-004-002-003-004-003-010
DST6211*29       000-003 000-003-003-002-002 006 010 003-002-009-013-011-008-005-008-007-006-014-020-013-004 005 011-004
DST6211*30       000 014-001-014-020-028-034-042-049-055-059-049-044-043-043-038-034-029-025-024-023-025-026-026-024-031
DST6212*01       000-020-020-023-024-022-020-017-018-021-023-022-020-015-014-013-016-016-015-017-016-015-014-013-012-018
DST6212*02       000-014-016-014-014-015-015-012-010-011-012-015-016-016-017-014-012-009-008-007-008-008-007-007-004-012
DST6212*03       000-005-007-009-010-010-007-001 001 000-002-005-006-004 000 000 000 000 001-003 003 007 011 012 014-001
DST6212*04       000 013 013 014 023 038 038 036 024 009 004-004-004-011-009-012-024-032-041-031-025-023-023-019-019-003
DST6212*05       000-025-023-020-020-018-016-014-014-015-020-022-020-019-021-024-020-018-015-012-011-009-009-010-010-017
DST6212*06       000-010-010-011-011-010-011-009-006-005-005-007-005-003-004-003-001-001-001 001 001-001-002-004-004-005
DST6212*07       000-002 000 000-003-002 002 006 006 004 001 000 005 007 006 005 004 004 004 002-003-003 000 007 011 003
DST6212*08       000 014 015 016 017 013 009 006 004 000-006-010-007-007-006-003-003-005-006-006-008-011-013-011-008-001
DST6212*09       000-001-004-010-013-014-006-005-003-003-004-007-005 001 005 007 008 007 010 011 011 010 018 013 013 002
DST6212*10       000 016 010 006 009 008 010 014 015 013 009 006 007 007 004 003 001-002-007-011-009-007-007-009-012 003
DST6212*11       000-008-008-012-015-015-023-031-036-038-030-022-020-017-017-014-010-024-036-043-042-035-033-037-033-025
DST6212*12       000-028-024-024-023-021-023-028-029-027-025-021-021-020-020-017-016-011-021-021-015-025-023-014-022-022
DST6212*13       000-025-022-018-015-015-024-027-022-020-022-027-028-028-020-018-018-018-015-012-009 001-010-012-012-018
DST6212*14       000-013-015-017-017-007-008-009-011-014-015-018-028-030-023-018-016-017-016-016-011-009-006-009-006-015
DST6212*15       000-008-015-020-022-018-018-024-016-017-017-017-016-015-014-010-009-009-012-014-017-018-016-014-014-015
DST6212*16       000-015-015-010-007-005-004-004-001 006 003 001 000-002-003-002-002-007-005-002-003-002 002 001 001-003
DST6212*17       000 004 006 008 008 013 009 010 007 001-004-001 002 003 004-002-001-016-031-025-037-051-058-060-058-011
DST6212*18       000-076-067-070-056-056-049-052-051-048-052-053-053-054-045-043-045-042-046-051-054-060-063-052-043-053
DST6212*19       000-049-053-050-045-043-040-042-049-037-032-035-031-034-029-028-034-031-033-035-036-035-033-033-032-037
DST6212*20       000-034-034-033-037-040-032-029-030-037-035-039-032-025-023-026-024-030-031-033-041-036-033-033-034-033
DST6212*21       000-035-029-032-032-030-028-032-037-033-032-031-029-028-025-028-028-029-029-032-030-031-029-024-022-030
DST6212*22       000-023-027-027-026-024-024-024-023-023-019-017-016-019-018-018-020-022-021-017-017-018-017-016-018-021
DST6212*23       000-019-019-019-020-016-016-017-016-015-014-014-015-013-013-013-014-015-016-015-013-011-010-010-010-015
DST6212*24       000-013-017-016-014-013-009-008-011-008-006-007-012-017-018-012-013-016-013-011-011-008-007-007-006-011
DST6212*25       000-007-004-006-005-004-005-007-007-003 000 003 003 002 000 000-001-001-002 000-002-002 000 000 000-002
DST6212*26       000 000 006 010 012 015 008 007 001 010 018 008-003-005-008-028-028-027-027-025-021-020-023-023-020-007
DST6212*27       000-016-017-017-019-020-019-019-022-018-015-013-013-013-013-013-016-014-014-015-017-017-014-010-009-016
DST6212*28       000-006-005-003-004-003-001-002-005-006-003-001 000-002-001 002 001-003 002 003 002 001 001 001-003-001
DST6212*29       000-003 000 001 002 001-004-009-011-007-004-004-001-001-002-003-005 000 001 001-001-002-003-004-002-003
DST6212*30       000-002-001 001 004 003 000-002-002-001 002 003 004 004 006 010 012 011 011 012 013 010 006 001 000 004
DST6212*31       000 005 006 011 015 017 013 009 008 008 003-009-017-012-005-010-012-015-013-010-008-006-005-006-006-002
