DST5701*01       000 011 013 012 012 009 007 007 006 002-001-007-007-008-001 009 008 004 000 001 003 002 004 009 009 004
DST5701*02       000 011 003 006 009 010 012 007 005 008 032 007-007-007-002-001 001 002 005 005-014-041-065-065-059-006
DST5701*03       000-050-044-042-046-043-042-041-039-040-040-036-031-033-028-027-030-032-031-029-026-028-025-024-021-035
DST5701*04       000-022-021-021-024-023-018-018-021-024-024-023-017-014-011-009-006-004-004-004-007-010-012-013-012-015
DST5701*05       000-009-004 001 002 003 003 003 002-001-003-003 000 002 000 001 003 006 006 005 004 004 006 006 001 002
DST5701*06       000 002 004 003 003 009 021 024 022 012 009 009 015 014 012 011 012 014 016 021 028 035 038 038 028 017
DST5701*07       000 025 022 023 026 023 023 025 018 014 006 000-002 008 013 015 015 016 018 021 024 021 023 026 024 018
DST5701*08       000 018 012 010 006 007 014 023 023 021 014 018-003-006 000 005 002 000-011-015-015-013-016-018-019 002
DST5701*09       000-013-010-010-008-007-007-006-002-003-003-007-006-003-005-013-013-019-025-025-021-016-016-020-023-012
DST5701*10       000-027-024-030-027-018-020-027-032-031-030-031-034-040-029-023-027-026-022-026-033-031-042-040-029-029
DST5701*11       000-030-026-024-027-028-027-027-032-036-042-044-035-037-037-032-026-024-022-023-021-018-020-019-019-028
DST5701*12       000-012-006-008-014-012-003-001-008-016-015-011-011-009-008-005-001 003 004 007 006 005 004 007 007-004
DST5701*13       000 010 010 008 009 010 010 006 001 000-002-002-002 000 001 002 002 003 001 004 008 008 011 011 006 005
DST5701*14       000 001-001 001 001-001 001 005 010 011 017 012 010 008 008 008 012 012 012 012 012 010 013 012 011 008
DST5701*15       000 013 009 006 005 005 006 005 004 005 005 005 004 006 003 006 010 007 009 006 002 006 012 013 011 007
DST5701*16       000 005 008 007 003 004 004 003 003-007-007-001-002-005-003-003 000 003 004 004 002 003 004 002 001 001
DST5701*17       000 001 002 002 001 000 000 000-002-005-004 000 006 009 009 008 010 011 014 013 011 006 011 015 015 006
DST5701*18       000 014 013 011 008 011 011 009 007 009 014 015 014 015 014 010 013 012 010 009 005 005 004 005 003 010
DST5701*19       000 006 008 009 011 010 012 015 015 026 025 024 032 037 032 027 019 011 002-003-007-011-010-005 001 012
DST5701*20       000 003 000-002 003 005 002 004 008 011 010 009 010 012 016 018 019 015 018 024 028 027 029 029 031 014
DST5701*21       000 034 034 029 026 019 013 016 009-003-003-003-004 009 018 006-016-056-076-106-131-153-233-250-247-045
DST5701*22       000-235-217-225-190-190-177-169-165-155-142-140-137-129-127-118-114-110-108-100-092-083-079-071-066-139
DST5701*23       000-069-071-070-070-061-057-053-051-064-081-094-096-114-111-105-106-103-096-096-083-080-077-075-064-081
DST5701*24       000-063-063-071-071-069-064-060-059-063-059-052-050-051-048-046-045-043-039-034-027-026-024-022-044-050
DST5701*25       000-069-079-080-080-081-079-075-074-064-064-063-060-061-060-058-058-055-056-054-052-050-047-038-032-062
DST5701*26       000-033-037-043-046-046-043-042-045-041-037-028-030-029-032-033-035-036-032-033-034-032-028-031-026-036
DST5701*27       000-030-037-038-039-035-028-024-022-017-015-016-021-025-027-023-028-032-028-027-027-026-025-023-021-026
DST5701*28       000-020-023-026-027-025-022-022-022-022-022-019-016-014-014-014-015-014-016-016-015-013-016-015-008-018
DST5701*29       000-010-012-017-016-019-018-018-014-012-015-013-017-016 001-014-027-032-056-071-087-087-078-073-076-033
DST5701*30       000-073-060-064-068-062-067-073-074-066-079-076-064-054-061-061-054-054-056-062-061-057-055-050-041-062
DST5701*31       000-040-040-040-040-039-036-038-042-044-041-039-037-037-038-037-039-039-040-040-036-035-037-040-042-039
DST5702*01       000-039-040-040-037-028-025-025-025-030-029-025-023-018-016-016-015-019-022-024-024-022-019-017-018-025
DST5702*02       000-022-021-014-014-016-015-010-012-016-016-015-018-017-017-011-012-011-018-025-027-024-023-022-022-017
DST5702*03       000-021-017-015-015-017-016-013-011-010-011-009-006 000 002 005 006 001-007-013-015-022-020-024-036-012
DST5702*04       000-052-049-039-028-024-017-011-013-020-021-025-022-017-023-027-036-043-048-054-060-066-079-086-079-039
DST5702*05       000-070-077-086-084-087-083-084-080-075-075-067-071-067-068-069-060-057-053-054-058-059-055-050-047-068
DST5702*06       000-042-040-039-036-034-036-039-044-045-045-048-050-050-048-045-044-045-041-034-034-039-038-036-037-041
DST5702*07       000-040-039-033-027-024-022-022-022-026-026-023-021-023-020-019-019-019-020-023-028-029-029-030-035-026
DST5702*08       000-036-035-033-029-027-026-027-029-029-027-023-023-021-017-015-014-016-014-017-017-017-012-011-015-022
DST5702*09       000-015-018-016-018-019-017-017-023-024-019-014-012 005-007-008-008-008-007-009-011-012-011-014-014-013
DST5702*10       000-017-017-011-005-001-002 002 008 010 008 000-002-002-001-003-003-001 001 005 009 014 013 011 014 001
DST5702*11       000 013 008 004 004 001-003-006-007-008-003 004 005 006 007 006 003-004-010-007-008-008-008-005-001-001
DST5702*12       000 002 003 000-007-020-028-019-012-013-012-011-002-003-008-011-010-004-002 002 019 017 015 013 010-003
DST5702*13       000 005 007 003 000-016-031-036-039-039-023-019-035-027-029-028-031-033-014-008-045-039-044-039-033-025
DST5702*14       000-034-027-028-021-028-029-034-031-035-032-030-023-022-021-021-022-023-022-021-019-019-021-023-022-025
DST5702*15       000-021-018-017-020-022-021-018-017-020-022-015-006-013-018-015-014-018-015-013-013-011-017-014-008-016
DST5702*16       000-004-003-003-005-009-012-014-016-018-011-008-009-010-010-009-007-008-013-016-015-012-012-009-005-010
DST5702*17       000-004 002 007 010 006 002-002-003-001 001 005 006 002 002 000-002-010-012-015-017-021-025-026-023-005
DST5702*18       000-021-019-017-014-018-023-025-025-020-016-013-012-013-015-017-009-003 002-007-015-026-030-033-035-018
DST5702*19       000-033-029-023-021-019-020-022-028-027-015-008-010-015-021-019-013-012-016-024-028-034-042-049-055-024
DST5702*20       000-050-046-055-050-045-043-046-040-029-024-024-024-025-028-025-022-020-022-020-015-011-013-009-010-029
DST5702*21       000-016-020-022-029-033-023-025-044-053-050-034-024-022-030-032-036-036-024-023-023-021-032-058-056-032
DST5702*22       000-050-047-049-052-050-050-047-034-030-030-027-025-029-025-026-023-019-019-019-018-018-021-021-019-031
DST5702*23       000-020-024-025-027-027-030-033-029-026-025-020-017-018-017-018-019-023-023 007 001-024-036-040-073-024
DST5702*24       000-101-104-108-120-121-136-147-136-125-115-120-116-092-083-084-081-077-069-064-062-056-050-044-041-094
DST5702*25       000-043-050-048-049-054-053-054-056-051-040-034-032-038-041-039-034-032-031-028-026-027-027-027-026-039
DST5702*26       000-023-023-022-024-026-026-027-029-028-026-023-021-020-019-016-015-013-014-013-013-014-013-012-012-020
DST5702*27       000-011-008-014-013-015-013-013-018-016-014-015-012-014-016-009-014-013-011-012-014-014-013-009-008-013
DST5702*28       000-006-004-005-006-008-010-009-007-006-005-004-004-003-002-002 002 002 003 002 002 002-001-004-002-003
DST5703*01       000 001 003 003 006 005 003 002 005 006 002-004-008-012-008-007 003 018 010 006 010 012 008-007-019 002
DST5703*02       000-014-027-047-066-079-138-238-255-206-190-200-229-248-242-208-185-163-156-171-161-159-150-139-147-159
DST5703*03       000-147-140-134-123-121-121-109-108-101-088-083-079-080-080-083-081-072-064-067-068-062-056-050-048-090
DST5703*04       000-048-050-050-060-065-065-064-064-062-057-055-051-051-044-042-040-038-037-035-034-036-038-037-042-049
DST5703*05       000-040-033-037-035-035-032-032-038-038-037-040-043-043-036-037-032-034-046-048-043-035-035-044-037-038
DST5703*06       000-041-039-033-031-036-038-037-039-040-036-033-036-032-032-029-035-031-030-029-034-040-042-035-031-035
DST5703*07       000-028-027-027-031-031-030-027-026-024-026-026-023-021-024-025-026-024-019-018-018-021-024-032-039-026
DST5703*08       000-032-030-029-029-028-029-033-035-039-031-030-031-035-035-031-022-019-023-024-022-027-027-027-026-029
DST5703*09       000-029-033-036-038-040-041-040-042-031-030-030-031-029-030-029-025-026-030-025-022-025-028-028-026-031
DST5703*10       000-011 004 000-002-026-023-009-024-032-045-046-091-151-160-164-177-175-176-155-138-137-148-146-140-091
DST5703*11       000-131-131-113-103-102-100-094-088-081-077-078-077-076-076-071-068-066-066-065-062-058-055-052-052-081
DST5703*12       000-051-047-048-052-050-048-052-054-057-052-048-049-047-042-039-035-033-034-034-034-031-029-029-030-043
DST5703*13       000-032-031-029-028-029-029-029-028-022-021-025-023-023-025-024-023-028-035-040-039-035-030-028-024-028
DST5703*14       000-023-023-020-018-016-015-014-016-018-019-014-011-009-008-005-005-006-009-009-007-004-002 002-003-011
DST5703*15       000-002-004-008-007-006-007-006-009 002-001 002 002 004 007 008 008 006 001-006-005 008 028 021 000 002
DST5703*16       000-009-006-022-027-026-027-019-027-024-021-024-028-027-022-016-012-003-011-018-043-057-060-051-043-026
DST5703*17       000-044-044-047-041-039-038-048-046-043-038-037-038-035-032-025-019-021-026-020-022-022-022-022-020-033
DST5703*18       000-021-020-021-023-020-018-020-021-018-018-020-026-034-035-025-017-019-022-023-025-023-023-020-020-022
DST5703*19       000-020-020-017-015-014-014-012-013-020-024-029-033-028-023-018-015-012-016-021-019-015-017-018-021-019
DST5703*20       000-022-027-021-015-018-026-031-034-032-029-032-029-026-020-012-006-005-009-010-011-014-013-008-013-019
DST5703*21       000-018-017-014-012-016-014-010-010-010-008-006-004 003 008 002 004-012-032-047-059-055-055-064-058-021
DST5703*22       000-054-049-043-048-049-049-043-033-038-039-035-038-035-034-031-023-017-031-037-038-036-031-041-045-038
DST5703*23       000-032-032-039-039-032-027-029-021-016-015-016-020-020-020-016-012-019-021-021-018-017-016-015-015-022
DST5703*24       000-015-013-010-015-018-015-012-011-013-014-011-010-011-010-008-005-002-004-011-019-023-022-020-018-013
DST5703*25       000-016-013-016-034-048-060-044-038-042-053-063-075-063-049-039-038-037-035-037-038-034-031-029-028-040
DST5703*26       000-027-027-027-030-031-031-028-028-026-025-020-018-028-026-025-026-027-034-034-031-027-032-040-045-029
DST5703*27       000-040-033-034-038-044-034-026-019-022-025-021-015-022-017-012-021-022-012-012-028-048-070-087-081-033
DST5703*28       000-113-140-118-109-107-121-131-137-141-128-114-103-099-087-078-065-050-047-052-053-046-041-043-043-090
DST5703*29       000-051-051-052-036-016-008-037-020-022-029-041-039-036-013-032-068-072-075-101-086-084-085-104-121-053
DST5703*30       000-107-098-097-091-083-079-084-084-078-072-070-068-069-064-059-055-053-047-043-043-044-047-045-051-068
DST5703*31       000-052-053-055-055-055-054-047-045-042-040-045-040-034-032-035-030-029-033-044-050-047-045-059-069-045
DST5704*01       000-067-067-063-057-053-046-039-040-041-048-047-043-046-042-034-031-038-041-043-045-053-050-048-058-048
DST5704*02       000-060-052-047-044-042-041-041-042-050-047-041-036-035-034-028-024-026-025-023-029-028-033-042-043-038
DST5704*03       000-035-032-031-033-033-031-025-026-030-031-035-032-028-023-020-024-029-032-035-030-040-049-055-043-033
DST5704*04       000-048-051-046-050-051-043-041-040-037-039-036-036-030-027-023-028-033-035-034-025-036-044-051-054-039
DST5704*05       000-055-052-045-039-036-026-025-037-029-022-014-020-028-032-026-023-023-020-022-018-016-020-032-033-029
DST5704*06       000-037-052-047-051-058-058-055-048-046-050-048-055-052-046-043-039-037-032-030-031-029-027-026-022-042
DST5704*07       000-022-022-024-025-022-015-012-012-013-014-014-015-013-011-007-002-001 003 001 000-002-006-009-011-011
DST5704*08       000-012-011-007 000 004 000-001-006-013-024-031-029-028-029-031-030-030-025-026-029-035-036-031-031-020
DST5704*09       000-030-031-034-032-032-027-025-031-028-032-030-031-030-027-020-015-012-016-027-034-036-039-044-040-029
DST5704*10       000-047-057-065-077-096-111-124-104-109-112-104-095-090-098-104-105-099-088-083-079-076-073-065-060-088
DST5704*11       000-061-062-055-051-047-039-033-029-030-032-036-049-051-043-036-032-032-033-032-028-037-038-036-034-040
DST5704*12       000-032-027-029-034-029-016-017-024-023-018-017-014-015-011-010 003-004-023-026-028-030-033-033-030-022
DST5704*13       000-027-025-016-016-016-022-028-029-021-020-016-018-021-024-026-021-021-023-021-019-018-018-013-014-021
DST5704*14       000-014-015-013-010-008-005-004-004-005-005-004-001 000 002 002 002 003 006 013 010 008 011 009 007-001
DST5704*15       000 008 006 007 009 010 009 008 011 014 016 012 007 005 001 001 000-001-003-003-006-009-016-038-042 000
DST5704*16       000-045-049-043-037-038-028-029-026-023-017-013-016-015-013-020-026-031-033-030-028-025-025-027-029-028
DST5704*17       000-026-019-013-016-029-021-016-021-018-017-016-003 018 017 031 035 037 033 027 021 006 012-022 002 000
DST5704*18       000-013-008-010-010-015-009-011-003-008-008-004-010-012-013-009 005-007-032-035-050-047-054-076-089-022
DST5704*19       000-106-111-105-095-102-101-097-104-097-088-085-091-082-076-073-081-074-065-075-085-086-076-069-059-087
DST5704*20       000-055-055-054-048-048-051-052-045-045-048-047-043-040-037-036-035-035-037-030-026-026-022-020-025-040
DST5704*21       000-029-035-039-038-039-040-039-038-036-029-034-035-048-028-038-040-037-033-026-020-016-014-012-012-031
DST5704*22       000-013-013-012-011-011-008-008-007-006-005-005-005-005-004-004-005-008-008-009-010-006-001-003-006-007
DST5704*23       000-010-016-018-015-007-002-003 001 009 007 002 001-001-001 004 009 011 012 007 003 009 002 002-001 000
DST5704*24       000-010-021-020-012-007-005-004-001-007-010-008-006-005 002 015 015 005 011 002-001-004-013-020-025-005
DST5704*25       000-022-017-016-018-019-020-015-013-015-014-013-010-010-010-016-023-023-023-020-021-020-013-014-017-017
DST5704*26       000-015-014-010-013-018-022-027-024-023-015-008-021-034-038-033-039-041-036-037-033-030-037-043-046-027
DST5704*27       000-051-048-042-036-039-042-040-033-033-036-033-032-025-027-031-028-029-030-030-030-035-035-033-029-034
DST5704*28       000-026-024-020-014-012-016-015-012-011-010-004-004-013-019-027-036-043-051-054-063-067-058-055-046-029
DST5704*29       000-040-046-055-050-041-035-027-021-019-019-019-016-018-026-032-034-035-036-034-032-032-030-024-019-031
DST5704*30       000-018-019-016-018-015-017-017-015-018-015-012-014-016-014-011-005-006-005-010-016-022-016-015-017-014
DST5705*01       000-018-018-015-021-021-025-033-036-039-035-028-021-024-025-026-030-031-026-023-021-019-018-014-009-024
DST5705*02       000-005-005-009-010-012-013-014-015-013-013-011-013-012-012-009-006-009-010-010-009-007-005-006-007-010
DST5705*03       000-008-008-007-008-012-015-017-017-014-006-004-002-006-007-007-013-017-019-023-030-031-027-019-019-014
DST5705*04       000-018-017-015-013-017-016-018-019-016-018-017-016-018-019-021-027-029-030-038-044-041-034-027-023-023
DST5705*05       000-018-020-021-021-021-021-019-015-014-011-009-011-007-003 006 003 001-002 000 007 012 014 010 007-006
DST5705*06       000 006-002-004-004-007-008-008-013-009-009-016-018-016-017-016-017-016-015-015-013-006-002 001 001-009
DST5705*07       000-009-003 004 006 004-014-012-005-002-002-004-003-002-001 000 001-004-012-011-005-002-001 005 008-003
DST5705*08       000 015 018 019 021 018 015 011 007 008 011 002-004-005-001 005 012 012 015 019 023 031 036 025 021 014
DST5705*09       000 022 025 007-015-019-023-033-024-018-017-023-028-029-033-034-035-032-031-032-030-025-018-015-012-020
DST5705*10       000-008-009-008-007-009-007-010-007-005-003-003-007-011-014-012-012-012-011-011-009-011-006-007-006-009
DST5705*11       000-002-001 002-001-002 003 003 005 008 011 009 003 008 009 008 006 004 004 005 007 003 002-002-006 004
DST5705*12       000-009-007-002 000-001 002 000 001 003-002 003 004 002 003 003 006 005 007 007 010 012 011 009 007 003
DST5705*13       000 001-002-006-012-019-022-020-019-021-020-017-016-019-025-023-023-019-021-016-014-009-014-012-010-016
DST5705*14       000-005-005-002-001-002-002 000 002 003 004 005 001 000 002 001 002 001-001 000 005 009 008 007 005 002
DST5705*15       000 004 002 004 009 012 013 011 009 010 010 010 009 009 013 015 010 009 010 012 012 011 008 003 004 009
DST5705*16       000 005 005 004 006 009 010 010 007 006 005 004 002 002 004 006 007 007 007 004 003 002 004 002-001 005
DST5705*17       000-002 002 006 009 006 002 001 007 013 018 021 022 023 022 020 020 014 015 013 010 011 008 007 008 012
DST5705*18       000 010 007 010 012 015 018 015 012 015 015 012 008 008 010 013 008 006 002 000-002-008-010-008-005 007
DST5705*19       000-005-006-005-002 002 003 004 007 007 006 010 012 009 006 011 011 008 004-003-013-009-004-002 009 003
DST5705*20       000 000-004-005-008-014-019-019-012-006-007-010-006-007-008-020-021-018-022-027-022-015-008-003-002-012
DST5705*21       000-004 000 000-002 002-001-006-003 001 004-008-005 001 000 001-008-015-015-017-014-013-015-015-011-006
DST5705*22       000-005-002-001 003 012 012 009 007 013 016 020 022 020 019 015 011 003 004-001 000 003 006 011 014 009
DST5705*23       000 016 013 007 006 010 009 001-003-005-002 002 001 003 004 003-001-005-011-017-020-020-017-006 004-001
DST5705*24       000 009 010 010 008 005 006 008 009 003 002 000 001 005 003-002-005-005-005-008-009-007-005-006-002 001
DST5705*25       000 004 006 012 008 012 012 010 006 003 002-002 005 007 007 013 010 015 015 012 010 003-004-010-011 006
DST5705*26       000-008-014-027-023-012-011-009-007-018-035-042-036-031-030-036-039-050-047-043-041-041-041-045-036-030
DST5705*27       000-025-025-025-026-025-022-019-016-014-013-014-014-015-012-013-014-014-015-014-015-014-011-006 000-016
DST5705*28       000 002 000 002 002-001-004-007-009-006-006-001-004-004-005-002-005-007-009-008-010-010-007-008-004-005
DST5705*29       000 000 000-003-003-001-004-003-005-005-002-001-001-004-007-003-009-009-006-005-004-001 002 004 003-003
DST5705*30       000-001-002-001-001 000 003 002 005 021 020-015-028-012-017-019-018-027-039-051-048-039-039-038-034-016
DST5705*31       000-032-034-037-035-021-017-016-016-013-011-006-007-007-009-013-014-012-006-001 003 003 006 008 004-012
DST5706*01       000-002-003-002 002 005 005 002-001-001 003 007 009 011 009 006 006 005 005 004 005 008 009 005 006 004
DST5706*02       000 008 007 005 007 004 002 004 003 002 004 006 008 009 010 011 020 022 022 023 020 023 023 024 031 012
DST5706*03       000 031 034 038 033 026 012 008 007 002 006 014-003 000 004 007-003-009-008-025-040-031-025-027-020 001
DST5706*04       000-013-020-020-028-037-035-031-035-036-023-027-030-030-028-029-035-037-035-028-020-020-032-035-024-029
DST5706*05       000-021-026-022-024-023-022-024-023-019-016-017-014-016-019-022-021-025-028-028-028-026-029-036-025-023
DST5706*06       000-025-031-033-034-045-058-056-052-050-038-039-033-029-033-033-036-037-033-034-031-014-007-014-014-034
DST5706*07       000-013-017-026-022-020-022-023-020-017-014-014-016-018-019-021-022-025-027-028-024-017-018-014-012-020
DST5706*08       000-009-009-011-008-009-011-013-010-008-007-009-008-009-012-015-017-015-013-013-013-012-010-008-006-011
DST5706*09       000-004-005-007-006-006 001 008 007 008 007 006 002-001 000-002-001-001-001-003-002 001 001 005 007 001
DST5706*10       000 005 004 004 006 007 006 006 007 009 011 012 010 010 010 010 009 009 010 010 008 011 009 006 006 008
DST5706*11       000 009 013 016 017 016 014 014 014 013 015 015 012 011 013 014 014 015 016 015 012 010 008 007 008 013
DST5706*12       000 008 011 011 009 013 013 012 009 011 011 016 016 015 010 010 006 002 007 011 010 007 005 007 009 010
DST5706*13       000 005 002 003 007 011 015 015 012 014 014 012 009 007 006 008 009 011 013 014 011 005-001-004-004 008
DST5706*14       000-008-005 001 003 002 008 009 010 007 009 014 014 013 011 007 005 004 004 004 006 007 010 014 015 007
DST5706*15       000 013 006 000 003 005 002-001 000-001-004 007 013 017 015 010-005 000-005-008-006-011-011-010-008 001
DST5706*16       000-006-006-001 001 004 006 008 013 016 018 023 025 023 021 020 013 009 012 016 016 019 019 019 021 013
DST5706*17       000 021 023 028 030 020 008-004 005 006 005 006 003-002 000 001-002 003 011 015 010 004 004-002 001 008
DST5706*18       000-002-001-005-020-017-018-026-035-024-016-010-003-005-001-005-009-010-003 000 003-003-010-007-007-010
DST5706*19       000-011-027-033-030-027-025-024-028-025-029-022-028-034-032-032-033-034-034-034-028-023-020-021-021-027
DST5706*20       000-021-018-015-010-009-002-005-002-002-005-005-002 000 009 009 009 008-002-009-011-009-006 000-002-004
DST5706*21       000-004-002 000-004-004-004-010-023-023-017-013-012-014-014-019-023-028-028-023-015-011-009-003-001-013
DST5706*22       000-004-006-008-006-001 003 008 012 011-004-001 004-016-023-021-023-023-022-023-019-013-009-006-007-008
DST5706*23       000-004-001-001-001-001 000 001 002 002 003 002 003-001-005-004-004-001 002 002-001-002 003 006 012 001
DST5706*24       000 012 000-011-014-010-004-002-008-014-009-001 000 000 006 005 003-004-004-002-005-006-005-006-008-004
DST5706*25       000-005 004-012-022-017-019-018-014-009-009 002 019 007-001 004 004-003 005-015-020-020-015-027-021-008
DST5706*26       000-017-022-034-051-060-070-078-081-091-092-083-102-093-084-090-095-100-084-080-079-083-078-066-059-074
DST5706*27       000-053-050-048-046-041-038-039-040-045-042-035-031-025-029-032-041-044-039-032-027-019-017-012-011-035
DST5706*28       000-012-015-007-001-001 004-010-022-033-040-037-041-046-042-042-032-027-024-029-031-027-026-023-022-024
DST5706*29       000-022-021-019-014-011-006 000-001-003-002-003-006-003 007 008 006 004 004 005 002 003 003 002-001-003
DST5706*30       000-006-003-006-011-015 006 014 016 010-003 006-028-054-049-058-102-110-093-123-126-140-167-182-218-060
DST5707*01       000-210-206-215-207-173-173-165-151-144-122-110-103-099-092-087-091-094-090-052-072-069-073-072-069-122
DST5707*02       000-069-066-066-066-064-057-052-053-057-036-038-045-070-086-082-088-099-101-096-088-085-078-073-071-070
DST5707*03       000-072-078-079-086-077-071-057-059-055-050-053-049-040-038-053-056-060-061-062-061-059-050-047-047-059
DST5707*04       000-048-047-044-042-038-035-035-034-033-036-036-032-027-020-016-020-021-022-022-026-026-033-043-039-032
DST5707*05       000-017 014 007-003-055-092-089-065-085-085-083-069-060-058-057-060-064-066-065-069-069-070-065-070-058
DST5707*06       000-048-042-049-049-047-048-043-043-040-040-038-040-040-039-036-037-043-039-036-040-043-045-042-034-042
DST5707*07       000-033-032-032-034-032-032-028-026-026-026-027-026-020-017-015-016-015-016-017-016-017-012-013-014-023
DST5707*08       000-016-016-013-010-013-013-017-013-013-012-009-012-014-013-012-012-012-011-011-011-012-010-007-003-012
DST5707*09       000-008-012-011-008-009-009-007-010-011-011-010-006-005-004-006-008-010-007-006-007-005-010-006-001-008
DST5707*10       000 003 001-003-006-004-005-007-006-002 000-002-003-005-002 001 003 003 002-001-004-004-002 002 001-002
DST5707*11       000 008 008 007 010 011 011 011 008 008 008 011 012 014 013 005 001-001-001 000 003 005 006 008 010 007
DST5707*12       000 010 007 010 003 001 003-002-006-004 002 003 001 002 008 009 009 009 004-001-005-007-006-007-010 001
DST5707*13       000-012-012-007-001 002 002 004 004 004 004 005 004 004 006 009 011 015 018 018 016 013 012 011 008 006
DST5707*14       000 008 008 007 009 011 008 011 013 013 009 008 013 014 014 014 011 013 012 019 025 023 015 007 005 012
DST5707*15       000 002 001 000-001-002 000 002 003 002 002 003 005 004 005 006 004 002 001 003 009 012 016 014 012 004
DST5707*16       000 007 005 006 005 006 006 008 020 017 011 007 005-002-005 001 000-003-008-021-026-022-017-019-015-001
DST5707*17       000-012-002 005 007 006 007 005 006 006 003 003-001-004-005-006 005 004 008 011 010 004 003 004 005 003
DST5707*18       000 003 002 008 009 009 007 006 008-001-004-003-006-003 004 010 012 003-005-012-017-018-021-019-015-002
DST5707*19       000-018-019-007-003-003 005 016 006 011 006 004 005 007 011 014-006-013-021-030-040-048-055-051-049-012
DST5707*20       000-048-044-043-038-031-026-021-020-020-022-020-021-017-011-015-018-019-022-023-020-020-019-019-020-024
DST5707*21       000-017-013-008-011-007-003-002 001-003-003-003-002 001 002 002 004 006 008 010 009 010 010 007 006 000
DST5707*22       000 008 009 013 020 030 034 027 021 021 019 008-012-011-004-003-007-012-016-022-028-028-030-029-020-001
DST5707*23       000-017-014-015-006-001-027-025-022-022-020-019-019-018-016-013-015-017-015-015-014-013-008-001 002-015
DST5707*24       000-002-002 001 000-006-008-007-007-011-011-010-012-009-006-002-003-005-010-018-020-014-009-010-012-008
DST5707*25       000-008-009-006-007-009-004-004-002-003 002 006 007 010 011 018 017 013 015 008 008 007 005 003 004 003
DST5707*26       000 002 007 009 008 009 006 006 008 008 007 006 007 006 008 007 012 012 013 013 011 013 014 016 015 009
DST5707*27       000 016 019 019 019 018 017 017 016 019 020 022 030 030 031 031 028 027 026 028 026 050 055 054 051 028
DST5707*28       000 047 036 041 044 039 035 036 032 030 024 024 024 021 021 021 021 023 024 022 022 025 030 027 023 029
DST5707*29       000 025 029 027 027 025 025 024 022 012 011 006-004-006-005-020-009-008-006-008-007-007-014-019-013 004
DST5707*30       000-007-004 003 008 010 010 011 013 010 008 015 023 019 016 014 010 008 009 007 006 009 011 011 009 010
DST5707*31       000 001 002 007 012 013 014 014 012 014 015 018 017 013 012 015 017 013 013 014 010 008 003 000-002 011
DST5708*01       000-002-001 004 005 010 009 009 011 013 010 011 014 010 008 011 013 015 018 020 015 013 014 020 021 011
DST5708*02       000 016 010 010 010 012 012 010 005 000-002 000 006 007 005 007 007 004 005 006 002-003-007-003-001 005
DST5708*03       000-006-007-002 006 009 013 015 008 004 004 004 011 011 013 013 014 037 001-039-038-023-014-007-017 000
DST5708*04       000-038-030-022-013-010-017-013-014-013-009-008-007-006-004 001 001 000-001-006-008-010-007-002-001-010
DST5708*05       000-005-008-009-008-008-007-005-003-002-003-003-002 002 003 003 002 003-008-020-026-030-033-041-044-011
DST5708*06       000-042-045-044-045-031-015-027-037-031-032-035-035-025-028-037-039-037-039-038-040-038-043-042-038-036
DST5708*07       000-030-025-025-025-023-023-023-021-020-021-021-018-017-015-018-020-020-020-021-026-028-024-019-013-022
DST5708*08       000-011-008-004-001-001-006-012-009-008-010-013-009-002-004-003-002-005-005-006 001-001 002 001-003-005
DST5708*09       000-005-014-014-008 000-001 000 001 002-001 003 005 004 008 023 023 019 021 016 006 002-004-005-001 003
DST5708*10       000-004-006-005-002-008-007-003-002 000 000 004 008 006 003 000-003 000 003 007 004 001 001 005 004 000
DST5708*11       000 013 019 019 020 018 018 019 016 014 013 014 017 022 022 020 020 020 023 023 022 019 016 012 010 018
DST5708*12       000 004-001-008-005-003-004-003 007 020 037 014 019 027 016 004-001 000-012-012-007-006-007-005-004 003
DST5708*13       000 003 007-004-018-031-042-047-041-055-055-056-039-030-039-043-045-043-034-028-027-024-025-025-023-032
DST5708*14       000-024-019-013-006-003-006-007-010-011-013-008-004 000-001-008-010-012-010-011-007-009-012-016-020-010
DST5708*15       000-017-021-020-015-011-008-003-003-009-008-003 000 000-004-006-008-009-006-005-002-007-014-011-012-008
DST5708*16       000-015-016-013-009-004 000 001 002 009 002 005 007 006 003 001 000 002 006 007 003 000 001 002 001 000
DST5708*17       000-001-003 000 005 007 008 008 008 008 008 012 014 013 019 023 020 019 019 019 017 018 021 023 019 013
DST5708*18       000 017 014 015 019 020 022 025 028 028 032 027 016 002-002-003-005 000 005 006 006 003 002 003-004 012
DST5708*19       000-010-016-013-017-017-015-013-010-006-015-003 004 004-002-005-008-007-004-001-001-001-003-003-006-007
DST5708*20       000-012-016-011-005-004-003-003-002-002-002 001 003 002-001-003-002-005-011-011-015-021-025-023-025-008
DST5708*21       000-026-030-033-027-033-031-031-029-027-023-025-027-026-026-025-028-030-028-023-025-025-025-021-016-027
DST5708*22       000-016-015-010-008-008-007-003 000-003 000 005 003 001 002 007 009 013 014 011 011 011 011 009 009 002
DST5708*23       000 017 015 017 018 016 015 014 015 016 016 015 016 018 015 010 010 010 011 011 011 011 010 008 010 014
DST5708*24       000 012 016 018 020 022 021 022 021 020 020 020 019 015 014 012 009 008 008 009 018 020 021 019 018 017
DST5708*25       000 017 018 019 022 023 028 034 036 038 035 033 030 026 025 025 019 019 013 009 003-004-007-007-006 019
DST5708*26       000-001 004 009 012 017 020 020 021 021 019 020 022 020 022 019 019 015 011 009 007 010 008 010 014 015
DST5708*27       000 008 003 011 021 009-001 004 012 001 003 002 011 011 009 006 003 006 004 005-002-003-008-005-007 004
DST5708*28       000-005-006-007-005 002-002-009-002 005 006 007 004 005 007 004 001 005 007 003 002 000-006-005-003 000
DST5708*29       000-004-002 002 003 000 001 006 011 011 013 014 014 011 008 007 004 003 008 010 041 018-034-030-004 005
DST5708*30       000-038-053-071-065-064-075-066-055-051-047-041-046-044-044-048-048-034-023-017-023-028-033-034-035-045
DST5708*31       000-034-033-032-030-032-027-024-024-022-021-020-020-023-035-029-029-025-021-024-029-036-023-041-054-029
DST5709*01       000-037-033-025-022-026-028-024-023-020-020-013-006-007-007-014-014-015-014-014-016-018-021-015-012-019
DST5709*02       000-011-015-009-002-014-018-033-057-063-048-036-026-037-053-046-055-062-060-069-089-100-119-160-162-056
DST5709*03       000-142-133-111-107-100-099-065-099-100-134-139-143-123-143-158-165-159-150-179-163-157-148-126-116-132
DST5709*04       000-102-095-102-099-088-086-082-080-083-082-080-076-073-032-047-137-200-274-280-255-236-243-230-240-138
DST5709*05       000-268-274-308-324-311-300-277-242-224-207-189-181-178-174-157-151-140-144-148-148-145-137-123-115-203
DST5709*06       000-105-103-111-100-102-095-091-091-087-088-085-082-080-080-083-086-101-103-105-098-089-087-080-073-092
DST5709*07       000-070-068-068-063-067-060-053-052-054-057-058-049-043-042-039-043-037-032-031-033-044-047-045-041-050
DST5709*08       000-039-035-034-034-030-028-025-028-027-028-028-028-029-031-030-026-029-024-025-024-024-024-031-031-029
DST5709*09       000-027-025-027-026-026-027-027-033-037-039-034-029-030-032-032-029-029-032-032-032-030-028-022-017-029
DST5709*10       000-016-018-020-021-022-020-018-025-033-031-026-019-020-024-024-023-018-021-020-015-011-017-014-013-020
DST5709*11       000-011-010-007-006-008-009-012-013-013-013-015-015-013-013-010-011-013-015-016-017-019-020-020-018-013
DST5709*12       000-014-012-009-009-009-004-004-005-005-010-010-011-003 001 000 001 002-001-002-001 001 001 000-006-005
DST5709*13       000 004 035-001-054-125-124-177-299-329-374-427-373-330-287-269-255-231-200-177-162-152-142-130-120-196
DST5709*14       000-107-103-095-102-095-095-093-106-088-108-118-107-119-130-128-122-117-106-098-092-090-095-088-073-103
DST5709*15       000-073-068-066-069-070-068-064-058-053-049-047-050-048-046-042-041-040-039-035-033-032-031-034-041-050
DST5709*16       000-048-047-042-042-045-042-033-032-029-022-020-020-023-021-016-017-016-017-014-008-009-011-014-016-025
DST5709*17       000-013-009-012-012-006-003-004-004-005-001-001-014-022-020-019-020-019-015-002 004 006 008 011 012-007
DST5709*18       000 003 007 009-006-015-016-006-002 001 003 006 007 006 006 009 011 010 009 002 001 009 011 009 008 003
DST5709*19       000 010 008 002-003-001 001 004 004 004 000-002-001 000 000 000 000 002 005 005 006 006 006 006 008 003
DST5709*20       000 006 005 006 007 007 008 010 008 010 010 008 006 006 005 007 011 012 010 016 014 013 016 016 019 010
DST5709*21       000 021 025 017 018 018 015 016 015 010 018 047-018-074-074-074-079-102-125-153-165-157-135-118-107-048
DST5709*22       000-113-110-109-112-122-131-127-125-109-119-106-095-087-081-108-157-173-156-148-166-173-165-171-161-130
DST5709*23       000-151-142-133-170-229-244-282-303-272-277-271-234-243-187-173-179-175-168-159-160-143-135-130-122-195
DST5709*24       000-116-109-098-098-106-100-090-087-085-087-073-081-092-081-088-083-079-078-073-065-058-056-055-062-083
DST5709*25       000-052-051-056-064-064-065-064-062-055-060-054-052-058-059-048-044-043-041-037-037-038-036-036-037-051
DST5709*26       000-030-029-026-026-031-029-027-028-028-023-017-016-021-023-025-028-028-028-029-027-024-018-013-014-025
DST5709*27       000-020-024-023-024-020-024-023-018-016-013-011-010-007-006-004-006-011-015-011-012-014-011-006-011-014
DST5709*28       000-020-020-019-019-024-037-039-027-027-024-005-020-018-015-012-012-012-009-007-011-012-013-014-014-018
DST5709*29       000-002 007 007-005-001-014-032-030-023-014-015 012 012-015-090-168-239-213-207-223-196-235-246-226-090
DST5709*30       000-205-187-180-157-159-146-136-127-115-131-130-128-105-092-092-101-094-084-080-080-076-077-073-074-118
DST5710*01       000-067-066-075-077-081-073-061-053-056-054-047-041-035-029-026-023-016-012-026-049-065-060-051-047-050
DST5710*02       000-046-044-048-046-037-034-037-039-038-034-029-025-022-013-011-008-010-012-009-008-009-015-024-023-026
DST5710*03       000-025-028-033-033-028-018-013-012-014-014-017-017-019-021-013-017-026-025-023-016-019-021-026-024-021
DST5710*04       000-023-027-030-027-031-026-026-025-023-021-020-019-019-017-011-009-009-016-022-025-021-020-018-016-021
DST5710*05       000-012-019-017-019-023-024-020-016-014-008-008-007-005-002 000 006 001-004-010-007-007-004-003-002-009
DST5710*06       000-004-005-006-006-007-004-003-002-002-003-005-005-006-006-005-002-001 001 000 005 005 012 013 016-001
DST5710*07       000 018 016 015 014 015 015 016 016 016 010 013 020 021 019 019 015 014 013 016 018 020 016 012 010 016
DST5710*08       000 007 009 012 011 010 009 011 013 016 017 017 017 016 016 016 018 019 020 017 014 012 013 014 014 014
DST5710*09       000 013 011 014 011 011 009 011 012 008 013 014 014 019 018 018 017 016 010 001-005-008 000-004-017 009
DST5710*10       000-030-037-031-028-038-048-051-056-059-047-039-029-027-031-027-018-020-015-013-015-012-012-015-016-030
DST5710*11       000-024-032-036-029-043-055-054-055-050-041-037-051-045-047-050-048-047-043-039-039-033-028-029-030-041
DST5710*12       000-029-032-037-040-040-037-039-041-040-031-028-022-019-022-017-020-025-032-035-034-035-036-032-032-031
DST5710*13       000-038-049-056-063-060-053-049-040-035-031-029-029-026-022-018-014-012-016-014-016-019-030-038-041-033
DST5710*14       000-053-062-062-067-070-071-088-083-071-067-076-052-045-033-048-054-054-057-057-058-067-065-056-045-061
DST5710*15       000-043-054-056-053-054-049-044-042-043-044-041-040-038-042-037-038-038-037-034-036-033-032-029-029-041
DST5710*16       000-033-032-029-027-023-019-017-018-017-017-014-013-013-009-008-008-006-002 004 007 008 005 006 004-011
DST5710*17       000 001-001 002 004 003 004 004 003 003 007 009 010 006 011 014 009 007 008 013 014 016 014 012 009 008
DST5710*18       000 012 010 005 004 002 002 003 005 008 011 012 011 011 012 014 013 010 008 006 001 005 007 008 006 008
DST5710*19       000 008 011 012 011 010 014 011 007 013 012 004 007 012 011 009 007 005 008 009 010 001-003-001 001 008
DST5710*20       000 002 001-002-004-005-004-002-001 001 001 003 003 007 006 012 015 013 015 006 001-005-014-026-032 000
DST5710*21       000-032-024-019-016-013-013-013-012-020-022-019-016-009-006-004 003 000 003 005 009 000-033-057-045-015
DST5710*22       000-041-043-057-053-050-046-044-045-048-055-060-054-046-039-037-033-034-030-031-030-030-037-042-036-043
DST5710*23       000-034-040-034-034-034-033-033-029-033-031-026-025-024-024-023-021-019-015-011-010-012-013-022-021-025
DST5710*24       000-022-022-018-021-017-018-020-022-024-024-017-013-012-010-009-010-011-010-007-011-006-004-004-007-014
DST5710*25       000-005-005-005-004-004-004-006-005-004-003-004-002-002-003-005-002-001-002 001 010 011 009 008 004-001
DST5710*26       000-005-011-010-009-007-005-003-003-006-002 000 005 009 008 004 004 005 004 007 009 009 000-002-002 000
DST5710*27       000-001-003-001 002 007 006 008 011 013 021 022 019 010 006 013 005 003 005 011 010 008-007-001 003 007
DST5710*28       000 001-005-017-007-007-012-018-028-022-017-010-008-005-002-005-005-005-004-013-004 001-006-007-007-009
DST5710*29       000-006-013-027-016-013-012-010-006-013-004 002-001 002-006-003 001 005 003-001 000-001-010-022-027-007
DST5710*30       000-019-018-021-024-021-021-031-040-042-031-025-023-018-018-021-018-017-019-017-012-004 000 000-001-019
DST5710*31       000 002 000-002-004-004-005-005-006-007-005-005-002-009-009-009-005-005-009-013-009-010-005 001 006-005
DST5711*01       000 010 011 008 000-001-003-012-009-007-011-014-006-005-010-010-007-005-010-014-010-012-010-008 002-006
DST5711*02       000 003 005 004 002 004 001 002 004 009 010 004 009 011 010 006 006 007 004 003 006 008 011 000-016 005
DST5711*03       000-019-018-021-016-013-011-012-007 002-003-007-015-011-017-024-018-018-027-029-019-014-013-010-008-015
DST5711*04       000-006-006-009-012-010-006-005-005-007-007-005-004-003-003-003-001-006 002 001-004-007-012-014-011-006
DST5711*05       000-008-008-003-001-002-001 002 005 009 012 010 009 009 010 012 012 014 013 008 012 009 011 011 009 006
DST5711*06       000 011 011 020 013 014 015 014 014 023 019 014 022 025 024 027 016 013 010 033 010-034-062-087-086 003
DST5711*07       000-114-121-114-102-093-092-092-079-081-081-069-067-067-068-070-067-064-060-058-054-049-047-047-044-075
DST5711*08       000-039-038-038-037-037-041-042-036-041-040-039-039-041-037-035-045-038-033-032-030-029-039-052-042-038
DST5711*09       000-033-036-041-050-056-062-065-060-049-045-038-032-029-041-057-049-045-047-050-054-055-057-057-058-049
DST5711*10       000-051-045-042-044-054-051-043-046-049-048-044-039-036-035-030-030-031-039-035-041-039-036-038-035-041
DST5711*11       000-032-029-024-028-034-033-031-033-030-034-037-029-027-030-027-029-031-035-035-040-043-041-039-047-033
DST5711*12       000-044-042-040-035-034-034-033-029-031-036-039-037-035-040-047-046-040-038-034-033-029-026-031-037-036
DST5711*13       000-040-036-031-031-026-024-024-025-018-024-023-016-017-017-013-010-014-017-021-015-006-002-002 000-019
DST5711*14       000 013 009 000 004 005 002 002 004-001 002 005 007 004-004-006-008-019-017-025-019-011-013-025-023-005
DST5711*15       000-018-021-025-024-025-022-025-024-011-011-015-010-011-012-014-013-017-014-016-015-012-010-007-005-016
DST5711*16       000-005-006-006-004-002-004-007-005 002 001-004-002-003-005-014-014-013-017-019-009-005-003-003-001-006
DST5711*17       000 001-001 000-002-003-003-003-003-004-006-002-001 001 000-003-004-005-007-006-001 003 008 007 004-001
DST5711*18       000-006-016-023-027-029-034-035-040-038-032-029-038-048-056-052-067-063-054-053-040-032-028-034-031-038
DST5711*19       000-028-029-032-032-029-029-032-031-030-031-032-030-029-024-025-024-024-024-019-018-016-015-012-013-025
DST5711*20       000-009-008-009-008-006-006-011-009-006-004-005-004-007-011-008-009-008-010-008-007-008-006-009-006-008
DST5711*21       000-003-003-002-001-002-005-008-010-011-009-007-006-006-007-005-001 000 000-001-001-002-007-003-001-004
DST5711*22       000 001 004 006 007 008 011 013 012 013 011 005 002 006 008 009 006 001 000 000 000 004 009 008 010 006
DST5711*23       000 013 013 015 018 017 018 017 012 013 008 004 008 011 015 010 014 019 015 011 017 022 022 025 035 016
DST5711*24       000 035 035 032 034 033 034 031 025 020 021 014 012 015 015 014 015 021 017 011 013 015 015 019 016 021
DST5711*25       000 023 028 029 018 022 018 003-017-046-042-028-026-022-016-014-017-032-041-047-059-048-046-042-039-018
DST5711*26       000-036-036-016-024-018-008-009-026-030-030-037-031-015-009-006-036-030-053-063-048-049-077-091-090-036
DST5711*27       000-100-111-107-107-108-113-109-109-122-121-108-109-098-087-085-069-059-068-072-074-063-070-071-070-092
DST5711*28       000-066-063-068-076-062-059-071-074-066-070-078-069-067-066-066-070-060-056-056-053-059-053-055-054-064
DST5711*29       000-051-048-045-041-047-046-042-041-042-045-042-041-039-035-034-037-040-037-031-027-024-022-023-019-037
DST5711*30       000-015-008-011-022-018-017-016-016-010-012-014-011-007-008-004-008-007-006-009-010-007-005-006-006-011
DST5712*01       000-004-008-035-034-017-007-001-009-018-016-032-032-026-021-022-025-026-024-020-015-017-019-027-025-020
DST5712*02       000-020-024-028-029-026-017-019-029-021-014-020-026-026-031-031-032-031-030-025-022-019-016-019-017-024
DST5712*03       000-015-020-019-018-020-017-023-025-017-014-025-027-018-013-013-015-020-023-019-015-010-012-014-015-018
DST5712*04       000-014-013-014-014-015-017-016-013-014-012-017-018-010-007-009-010-012-011-007-009-006-008-013-017-012
DST5712*05       000-021-024-029-028-020-022-026-030-035-032-027-023-021-020-029-032-030-031-040-043-054-047-049-049-032
DST5712*06       000-044-040-041-049-057-053-046-043-041-039-037-036-036-030-033-041-055-050-044-041-037-033-030-031-041
DST5712*07       000-028-027-028-027-026-029-032-041-032-031-033-029-032-034-026-023-024-019-015-021-019-014-019-021-026
DST5712*08       000-022-022-018-018-019-019-014-015-021-021-012-006-008-012-014-012-008-008-003-005 000 006 003-002-011
DST5712*09       000-005-008-014-018-020-017-011-007-011-015-010 001-005-009-024-025-031-027-025-023-021-021-020-019-016
DST5712*10       000-019-021-022-024-013-008-006-011-016-017-019-027-028-036-047-051-048-043-042-043-040-039-039-030-029
DST5712*11       000-026-026-031-035-033-039-055-049-046-038-034-047-031-020-029-024-021-021-031-034-028-035-047-052-035
DST5712*12       000-051-053-054-054-050-050-044-043-043-041-038-033-037-034-032-033-029-022-019-031-031-029-030-031-038
DST5712*13       000-029-030-033-031-030-027-022-019-023-023-036-029-024-021-019-022-021-020-015-015-019-017-016-019-023
DST5712*14       000-020-018-024-027-022-019-017-018-015-012-013-011-009-008-010-007-006-006-004-004-005-007-013-016-013
DST5712*15       000-014-012-012-011-012-008-005-013-016-011-007 000-002 006-011-024-025-022-020-015-013-013-014-018-012
DST5712*16       000-017-020-017-015-018-017-015-017-019-020-018-017-011-008-005-005-002-001 003 004 009 003 003 004-009
DST5712*17       000-001-005-009-014-023-017-025-031-026-020-016-015-011-010-009-012-012-013-014-010-008-004-009-014-014
DST5712*18       000-013-011-011-019-018-012-012-014-011-013-012-013-009-008-010-014-012-008-006-004-002 005 006 002-009
DST5712*19       000-003-003-001-004-009-013-014-014-018-012 001 002 011 007 003 000 001-003-002-014-026-021-027-035-008
DST5712*20       000-039-034-029-025-027-046-037-038-039-043-039-030-022-016-014-016-015-014-019-021-020-014-017-023-027
DST5712*21       000-026-024-025-022-029-034-040-037-034-036-035-028-022-022-021-025-026-026-018-017-017-014-016-015-025
DST5712*22       000-020-022-022-020-021-021-025-025-025-023-021-019-018-015-012-009-008-008-009-010-008-004-001-001-015
DST5712*23       000-001-002-003-002-003-001 000-003-005-006-006-004-005-007-006-006-005-003 000 002 003 001 001 001-003
DST5712*24       000 002 005 006 005 008 014 014 012 009 005 001 011 012 015 018 018 013 009 010 005 001 003 003 005 009
DST5712*25       000 010 015 018 012 008 016 001-005 001-001-002 000 004 005 014 015 008 008 004-013-015-018-023-020 002
DST5712*26       000-017-017-013-016-014-019-021-022-023-023-029-018-011-016-012-014-016-017-025-021-022-020-020-018-019
DST5712*27       000-020-016-012-015-016-015-012-010-010-007-008-009-010-010-013-009-008-010-012-012-019-016-015-019-013
DST5712*28       000-019-018-014-013-012-011-007-005-004-005-005-003-002-001 001 003 004 004 003 003-002-001 009 008-004
DST5712*29       000 007 010 009 009 008 008 011 011 009 007 005 001 004 007 007 009 009 005 007 008 007 001-006-015 006
DST5712*30       000-016-014-020-009 003 009-013-021-020-012-031-035-036-027-027-021-020-016-011-005 005 016 015 004-013
DST5712*31       000-004-008-022-028-027-032-052-073-087-080-092-099-103-094-103-113-115-106-111-117-121-129-128-121-082
