DST6601*01       000-003-002 000 000 000 003 006 007 009 012 012 012 014 010 011 011 010 008 007 008 010 011 015 017 008
DST6601*02       000 019 013 022 025 019 019 022 017 014 016 014 015 015 009 011 011 008 010 009 011 010 010 010 005 014
DST6601*03       000 002 002 002 003 003 002 003 006 006 004 001 000 001 002 003 002 000 000-001 002 000-002-002-002 002
DST6601*04       000 003 006 004 003 003 002 003 004 002 003 007 014 017 019 021 021 016 012 012-001-009-006-009-010 006
DST6601*05       000-008-004-004-004-005-007-007-008-010-010-009-009-008-004-001 001 002 004 004 002 002 000-001-001-004
DST6601*06       000 001 002 002 000 000 002 001-002-005-005-005-001 004 009 013 012 013 013 012 012 010 010 008 007 005
DST6601*07       000 009 010 011 008 007 005-002-006-006-003-001-001 000 003 005 015 017 014 015 010-007-007-004-005 004
DST6601*08       000-007-002 003 003 004 006 004-004-003-001 002 005 007 007 007 005 004 004 005 004 002-002-002-001 002
DST6601*09       000 004 010 012 011 009 011 008 007 007 006 002 000 001 004 005 004 001-004-005-002-003-008-006-005 003
DST6601*10       000-001 005 007 003-007-006-007-007-004-004-003-001-001-001-001 002 004 003 000-003-003-003-004-006-002
DST6601*11       000-005 000 003 004 005 007 009 009 006 003 000 000 002 004 004 001 003 006 007 006 005 005 005 007 004
DST6601*12       000 008 007 006 005 004 004 003 003 004 002 000 001 002 003 004 004 007 010 010 010 013 015 013 013 006
DST6601*13       000 012 011 013 015 017 017 017 016 016 017 015 014 010 010 008 006 008 009 010 011 012 010 012 010 012
DST6601*14       000 010 012 011 012 014 017 019 023 025 020 019 021 024 025 021 010 010 013 014 012 010 007 003 002 015
DST6601*15       000 001 001 001 002 005 007 010 011 011 012 013 013 013 013 011 014 016 016 015 013 009 010 010 009 010
DST6601*16       000 011 012 012 009 006 007 010 010 010 012 012 012 012 012 012 011 011 011 010 009 009 010 013 012 011
DST6601*17       000 012 012 011 010 009 010 014 014 013 014 016 016 015 014 015 015 015 016 016 016 019 022 026 027 015
DST6601*18       000 033 039 040 030 026 026 027 024 024 030 028 034 035 035 033 026 014 006 001-005-005 000 006 009 022
DST6601*19       000 011 012 013 010 006 007 006 005 003 005 006 006 008 009 005 001 001 006 006 006 009 013 014 015 008
DST6601*20       000 017 019 032 026 019 019 015 013 018 020 014 016 011 001-014-023-029-026-022-023-024-016-008-006 002
DST6601*21       000-006-003 001-001-003-011-013-010-001-007 005 005-009 003-005-005-008-011-013-011-013-011-007-016-006
DST6601*22       000-015-010-006-001 001 009 022 011 012 008-003-003-007-010-007-006-004-010-012-016-018-021-024-022-006
DST6601*23       000-019-015-012-013-012-014-014-013-016-018-021-017-017-019-012-007-006-007-011-012-012-012-012-013-014
DST6601*24       000-011-009-002-001-003-005-004-003-003-008-013-014-006-003-002-003-006-008-005-003-004-002-003-001-005
DST6601*25       000 005 004 002-003-004-006-008-008-005-003-003-001-001-005-008-008-003-001-006-007-005 000 002 002-003
DST6601*26       000 003 003 005 004 000-004-011-015-015-009-004-002 001-003-010-009-008-008-004-004-009-009-003-002-005
DST6601*27       000-006-005-003-004-002-002-004-005-006-004-003 000 001-003-006-008-008-009-010-008-007-004-003-002-005
DST6601*28       000-002-002-001-002-002 001 002 000 000 004 005 006 010 014 015 017 017 020 017 019 031 036 023 012 010
DST6601*29       000 018 023 023 029 026 021 017 014 013 004-003 001 003 003 003 001 001 000 003 006 009 010 007 007 010
DST6601*30       000 010 011 012 012 011 011 011 012 011 011 016 019 016 012 008 005 003 004 000-001 000-003-005-003 008
DST6601*31       000-001 000-001-001 000 000 000 001 000 002 001 004 006 007 006 007 006 005 007 009 008 005 006 007 004
DST6602*01       000 008 009 007 006 005 006 005 003 006 009 010 010 009 008 010 011 012 012 010 009 006 004 005 008 008
DST6602*02       000 013 015 019 021 019 019 021 022 018 016 014 016 009 003 004 009 011 008 007 009 011 011 015 016 014
DST6602*03       000 015 014 015 015 017 013 004 003 005 009 008 007 004 001 004 007 009 008 001-006-014-014-011-006 005
DST6602*04       000 000 008 006 004 002 006 001-006-008-013-013-009-004-004-004-002 000 002 002 001-005-006-004 000-002
DST6602*05       000 001-004-008-006-005-005-008-009-011-009-007-007 000-001-003-008-012-015-016-015-015-010-005-004-008
DST6602*06       000-002-005-009-008-008-010-011-010-012-011-010-010-006-004-005-005-004-004-005-005-004-005-010-007-007
DST6602*07       000-003-003-004-003-002-004-001-002-005-007-010-006-001 003 002 002 002 004 006 005 001-004-006-003-002
DST6602*08       000 000 002 002 004 007 006 005 003 000 000 000 006 009 007 003-001-001 001 005 006 002 001 001 002 003
DST6602*09       000 004 005 005 007 007 009 011 009 006 006 008 010 011 013 014 013 012 014 014 015 012 011 009 008 010
DST6602*10       000 007 010 012 016 017 016 017 014 009 010 006 014 018 014 012 007 008 015 015 010 007 001-004 002 011
DST6602*11       000 006 006 007 007 005 004 002 004 006 002 001 001 005 003-007-005 003 006 004 007 006-003-008-008 002
DST6602*12       000-010-008-005-004-005-010-010-008-007-009-012-008-005-003-001 001 001 001 004 006 007 006 003 001-003
DST6602*13       000 001-002-006-005-005-004-005-004-005-005-004-001 001 002-001-001 001 002 005 002 002 003 004 005-001
DST6602*14       000 005 003 001 001 002 005 003 005 008 009 008 008 008 007 004 005 003 002 000 002 005 006 004 005 005
DST6602*15       000 004 003 003 004 007 009 010 014 016 017 019 023 020 013 009 008 012 016 018 016 007 009 010 011 012
DST6602*16       000 012 010 004-002-004-005-007-003-002-001 001 004 008 009 008 007 005 004 004 003 003 005 007 009 003
DST6602*17       000 011 012 011 010 009 009 010 012 014 018 016 019 020 018 018 015 013 010 006 003 005 009 013 016 012
DST6602*18       000 021 018 015 014 013 013 007 004 001-001 003 008 009 008 007 005 006 007 008 009 010 010 014 017 009
DST6602*19       000 017 018 019 021 020 014 007 006 010 013 015 019 015 011 004-007-019-013-006-011-016-015-021-017 004
DST6602*20       000-013-011-013-011-015-023-024-024-021-015-012-015-019-017-019-022-022-016-012-008-010-011-010-008-015
DST6602*21       000-007-011-012-011-012-012-011-011-013-008-005-004-002-004-006-009-008-005-003-004-004-004-004-005-007
DST6602*22       000-004-004-002 002 005 004 001-002-003-003 000 000-009-014-010-009-016-013-012-013-022-027-025-016-008
DST6602*23       000-012-012-009-009-019-036-042-048-046-038-035-028-021-016-017-019-014-014-017-018-025-026-020-021-023
DST6602*24       000-019-015-016-013-013-012-018-017-016-015-013-015-011-007-007-007-008-013-010-011-012-011-011-009-012
DST6602*25       000-009-011-013-013-013-014-013-008-005-003-002-002-005-005-004-003-004-002-001-001-001-002-005-008-006
DST6602*26       000-010-010-008-007-005-005-005-004-003-006-007-007-006-004-003-003-003-003 000 001 001 002 003 002-004
DST6602*27       000 001 001 003 002 003-001-002-004-004-001 004 003 002 000 000-001 001 002 003 004 005 005 004 003 001
DST6602*28       000 002 002 002 002 001-001 002 005 007 006 003 002 002 002 002 001 002 002 003 006 008 009 011 013 004
DST6603*01       000 013 013 015 014 013 005 002 001 002 003 004 003 004 002 001 003 004 007 007 009 008 007 007 008 006
DST6603*02       000 011 013 013 012 013 012 011 010 011 010 011 013 014 014 013 012 013 011 011 013 014 015 016 014 013
DST6603*03       000 010 012 013 011 011 012 013 013 012 009-003 003 015 015 015 013 012 011 009 005 002-003-011-014 008
DST6603*04       000-010-005-004-001-004-003-004-003-002 001 005 006 006 006 005 001 001 000 000 002-002-008-002 000-001
DST6603*05       000 003 000-003-004-004-005-007-008-005-003-001-002-004-005-005-001 000-001-002-002-001 001 001 000-002
DST6603*06       000 002 002 002 003 003 002 003 004 004 002 000 002 003 000-001 000 003 004 006 006 004 006 008 009 003
DST6603*07       000 009 010 012 012 009 006 005 006 005 004 008 009 009 007 007 005 004 005 007 006 004 005 008 010 007
DST6603*08       000 008 005 003 003 003 004 005 013 015 015 016 016 018 019 018 017 019 018 017 015 016 015 015 013 013
DST6603*09       000 010 009 009 008 008 008 009 011 012 011 011 018 020 018 017 016 018 020 023 022 013 009-003-012 012
DST6603*10       000-019-021-019-013-011-009-010-007-005-002 001 002 005 005 005 007 007 010 011 010 006 004 002 001-002
DST6603*11       000-001-006-005-006-005-005-004-004-003-001 000 000 001 002 004 007 010 009 008 005 003 003 000-006 000
DST6603*12       000-005 000 001 001 000 002 002 005 004-001-003-002 002 002 004 002 001 004 008 011 014 015 016 016 004
DST6603*13       000 017 014 014 002 004 005 007 015 015 014 013 013 013 011 007 006 007 005-001-012-017-029-036-050 002
DST6603*14       000-071-086-090-093-099-104-105-098-099-101-091-065-060-065-062-059-047-042-038-035-034-031-031-031-068
DST6603*15       000-030-031-033-033-031-030-032-031-029-027-024-018-014-005-005-016-019-022-024-021-020-018-014-014-023
DST6603*16       000-012-010-015-020-019-020-019-015-011-013-017-017-013-013-013-013-011-010-010-011-012-015-014-016-014
DST6603*17       000-016-014-015-014-012-010-008-008-005-003-004-002 000-001-007-008-001 002 001 002 005 002-001-005-005
DST6603*18       000-010-016-016-013-011-010-007-007-006-006-009-007-004-003-003-005-005-003 000 001 004 007 009 013-004
DST6603*19       000 016 014 016 011 009 013 014 010 004-001 001 007-002-004-005-003-007-011-020-013-010-006-012-012 000
DST6603*20       000-014-012-012-010-009-009-007-007-003-001 001 000 001-001-001-003-001-001-004-006-005-007-007-009-005
DST6603*21       000-010-015-017-017-014-010-010-010-007-003-001 004 005 004 005 000-003-001 000 003 005 005-006-009-004
DST6603*22       000-012-007-004-002-002-001-001-003-003-002-002-002 005 007 009 016 024 022 018 013 011 006-004 001 004
DST6603*23       000 000-002-003-005-003-003-006-010-019-029-045-031-034-035-047-069-083-093-093-088-098-091-082-076-044
DST6603*24       000-074-070-068-064-059-053-051-051-050-049-048-048-047-045-041-036-033-032-031-030-029-028-032-031-046
DST6603*25       000-031-023-021-015-011-011-007-007-008-006-005-010-010 000 000-005 003 007-006 000 001-006-004-013-008
DST6603*26       000-011-009-009-011-004-004-002 002 006 009 011 014-014-016-011-008-008-010-011-014-010-005-003-006-005
DST6603*27       000-011-016-021-022-023-020-020-023-018-013-012-013-014-013-013-009-008-009-008-004-001-003-005-009-013
DST6603*28       000-012-015-016-013-012-012-018-021-022-025-033-039-040-028-018-008-005-018-037-053-046-045-043-041-026
DST6603*29       000-044-051-053-051-043-038-038-040-038-032-028-024-021-018-014-011-007-008-012-014-018-019-018-020-028
DST6603*30       000-020-022-026-032-029-025-022-019-016-014-013-013-012-013-013-015-013-015-015-015-013-010-013-013-017
DST6603*31       000-014-014-017-017-016-014-011-013-012-012-013-015-014-012-010-007-007-009-010-010-007-002-002-004-011
DST6604*01       000 003 002 000-001 001 001 000 004 009 013 019 019 016 016 008 002-011-014-018-032-034-033-033-040-004
DST6604*02       000-030-026-029-029-029-029-029-028-023-016-013-010-010-010-008-006-006-005-005-007-007-006-008-011-016
DST6604*03       000-019-019-022-019-017-016-016-013-009-004-003-004-006-007-009-008-006-003-003-007-010-014-012-014-011
DST6604*04       000-013-016-018-016-016-016-013-012-013-010-008-003 001 004 006 004 002 002 001-002-007-006-008-009-007
DST6604*05       000-011-011-013-012-010-008-009-010-009-004-001 001 002 003 005 005 003 001-002-003-003-001-003-001-004
DST6604*06       000-002-004-008-009-010-008-006-009-008-005-003-004-005-006-005-001-001 000-004-007-009-012-011-008-006
DST6604*07       000-009-024-030-030-024-021-022-023-021-019-016-013-010-006-005-005-006-009-010-010-010-012-011-009-015
DST6604*08       000-013-020-027-025-019-015-014-011-011-011-010-008-004 001 004 006 006 007 006 004-003-005-003-001-007
DST6604*09       000 003-005-008-007-008-005-003-004-001 001 000 000 001 002 006 002 004 004 004 004 003 001 001 002 000
DST6604*10       000 001-002-005-005-004-002-001 001 002 003 002-003-003 000 002 004 008 006 002 006 008 008 006 004 002
DST6604*11       000 003 002 001 001 002 001 001 004 007 009 008 005 005 005 006 006 006 007 007 008 008 007 007 008 005
DST6604*12       000 007 005 003 006 008 010 012 013 013 012 011 013 013 012 012 013 016 018 018 019 019 019 016 011 012
DST6604*13       000 010 005 002 002 007 009 013 017 021 017 007-006-019-026-024-028-032-037-043-047-045-042-039-035-013
DST6604*14       000-033-031-031-029-026-022-019-016-013-004-008-008-009-009-010-008-011-011-009-007-005-007-010-011-014
DST6604*15       000-011-011-009-006-003-007-007-007-009-008-006-006-005-006-007-007-005-004-005-007-007-004-001 000-006
DST6604*16       000-001-003-005-004-002 000 000 004 007 007 007 007 006 008 011 010 011 011 008 007 011 010 008 009 005
DST6604*17       000 009 007 005 006 010 008 007 008 008 000 001 006 009 005 004 005 003 003 003 006 006 005 002 001 005
DST6604*18       000 000-003-003-002-001 000 001 002 002 003 002-001 000 002 004 005 004 006 006 006 005 005 005 004 002
DST6604*19       000 004 004 005 007 007 005 003 003 003 005 009 011 012 012 013 013 012 015 016 015 014 013 015 018 010
DST6604*20       000 017 017 016 016 016 018 017 006 000-003-002 000-005-005-007-008-010-009-008-007-006-007-010-010 001
DST6604*21       000-007-009-009-008-006-001 002 000-003-003 000 002 002 002 001 000-002-003-002-001 004 009 015 014 000
DST6604*22       000 011 005 004 008 002 003 007 009-004-001 000-003-008-007-010-009-002 000-002-007-007-006-005-003-001
DST6604*23       000 005 005 001-008-015-013-014-012-007-007-006-007-007-007-007-003-002-002-002 000-001-002-002-001-005
DST6604*24       000-003-005-006-006-003-005-008-008-008-005-002 001 002 005 007 006 005 004 000-001 000 002 003 000-001
DST6604*25       000 000-002-001 001 002 003 005 006 007 004 004 004 002 002 001 002 005 002 000-002 002 003 004 001 002
DST6604*26       000 000 000 003 004 006 008 011 012 011 011 011 012 012 012 012 010 008 007 007 006 004 007 007 011 008
DST6604*27       000 014 012 009 007 008 010 011 010 010 009 008 009 009 010 011 011 010 010 012 015 017 016 019 019 012
DST6604*28       000 022 024 020 016 017 012 008 007 008 008 007 009 008 009 010 010 007 004 003 006 010 010 008 009 011
DST6604*29       000 008 003 000-001-003-007-008-008-004 000 000-003-007-008-005-005-003-003-003-004-002-001-001-002-003
DST6604*30       000-003-004-007-013-007-003 000-003-007-005-001-002-007-011-015-017-018-019-017-012-012-016-012-009-009
DST6605*01       000-009-011-016-020-017-013-006-005-008-007-003-004-003-004-008-010-009-010-007-008-012-012-009-008-009
DST6605*02       000-009-010-008-008-012-011-010-013-016-019-016-010-013-016-018-019-020-020-018-017-016-013-015-012-014
DST6605*03       000-008-007-007-009-008-008-005-004-002-001 000 000-002-003-004-006-006-007-008-009-012-011-009-010-006
DST6605*04       000-015-020-023-021-021-020-020-018-019-018-017-018-016-015-012-014-017-019-017-018-019-022-019-011-018
DST6605*05       000-010-012-014-010-008-007-008-006-004 000 002 000 000-001-003-004-004-008-010-011-011-011-007-006-006
DST6605*06       000-001-001-004-012-015-019-015-013-019-018-016-012-011-011-012-010-008-007-006-007-007-006-006-004-010
DST6605*07       000 000 004 006 005 003 003 003 002-001-001-002-003-003-002-002-002-006-008-007-003-003-005-004-002-001
DST6605*08       000 001 003 004 002 002 003 004 004 002 004 011 012 006 004 005 007 005 007 007 003-003-008-010-009 003
DST6605*09       000-007-004-001-004-008-008-004 000 005 009 012 010 005 004 003 003 003 002 002 000-001-001 000 003 001
DST6605*10       000 005 005 005 004 003 003 005 005 005 006 008 016 016 015 017 017 017 018 014 015 015 016 018 015 011
DST6605*11       000 015 014 012 012 014 013 014 014 021 028 030 028 019 007 004 010 009 011 012 014 010 011 005 007 014
DST6605*12       000 007 008 005 005 005 001 004 006 008 007 007 008 009 009 005 001 002 005 006 004 001 005 005 006 005
DST6605*13       000 011 010 011 009 007 012 014 011 002-003-002 001 002 007 010 008 008 009 008 006 004 004 004 008 007
DST6605*14       000 009 012 011 010 009 010 009 009 008 007 008 008 008 008 007 008 010 009 010 011 011 011 013 014 010
DST6605*15       000 011 011 011 011 013 015 017 016 016 016 015 012 012 012 011 013 014 014 012 009 009 011 012 015 013
DST6605*16       000 015 012 011 009 011 014 016 017 018 020 021 021 019 017 013 012 014 012 007 006 001 000 003 004 012
DST6605*17       000 004 004 006 006 004 003 008 009 008 008 008 009 010 009 007 006 004 000 002-001-002-003 000 000 005
DST6605*18       000 000 000-002-005-005-002 000 003 005 006 008 007 009 010 007 008 007 004 001-001 001 003 004 002 003
DST6605*19       000 002 004 006 005 008 007 006 005 004 004 005 004 003 005 006 003 003 002 001-001 003 003 003 004 004
DST6605*20       000 004 006 007 006 007 009 013 012 008 002-001-002-002 000 002 002 001 003 003 002-006-005 004 012 004
DST6605*21       000 017 016 009 007 008 009 007 010 011 011 011 010 011 012 012 012 010 009 008 006 004 005 007 010 010
DST6605*22       000 015 018 019 018 014 012 009 008 008 007 010 009 011 015 018 016 017 017 014 008 005 006 006 009 012
DST6605*23       000 010 009 009 012 012 013 013 013 011 010 008 007 007 008 009 010 009 009 011 012 013 013 013 012 011
DST6605*24       000 015 020 023 023 021 019 015 016 017 016 017 015 015 016 015 015 014 014 017 017 018 017 016 015 017
DST6605*25       000 015 016 015 014 017 018 018 017 018 015 011 010 012 015 017 014 007 003 003 004 006 008 013 024 013
DST6605*26       000 032 033 031 041 044 039 033 030 040-002-029-056-054-054-036-056-080-093-100-099-109-118-115-083-032
DST6605*27       000-074-067-069-065-061-056-053-055-053-051-050-052-053-053-054-055-056-054-053-053-051-047-041-038-055
DST6605*28       000-034-031-029-029-031-034-037-033-031-029-029-030-027-028-031-031-032-034-034-033-034-033-027-024-031
DST6605*29       000-025-023-019-019-019-020-022-020-021-022-022-021-021-025-026-026-027-026-026-026-025-023-022-019-023
DST6605*30       000-019-019-020-018-015-014-013-011-013-016-015-013-011-006-006-008-011-013-015-013-018-028-030-026-015
DST6605*31       000-022-021-021-020-016-018-011-016-029-037-041-037-033-036-045-043-046-040-034-041-056-068-069-063-036
DST6606*01       000-049-048-042-039-037-032-032-041-035-036-039-038-035-035-037-037-036-034-032-031-029-030-029-029-036
DST6606*02       000-026-023-018-018-018-017-016-018-013-005-012-017-011-005-006-013-020-019-021-024-025-028-028-021-018
DST6606*03       000-015-013-014-015-014-011-009-008-008-006-004-004-006-007-008-006 004 005-009-017-020-024-024-021-011
DST6606*04       000-017-013-012-012-008-007-008-008-006-004-004-003-002-001 002 001-001-002-003-006-008-010-009-008-006
DST6606*05       000-005-001 004 007 009 006 005 006 007 008 013 001 009 016 016 014 009 007 006 003 004 002 002 003 006
DST6606*06       000 006 004 004 004 006 007 010 011 011 012 015 011 011 010 010 008 005 002 001-002-002-002 000 000 006
DST6606*07       000 001 003 001-003 000 003 004 002-001-004-007-005 002-001 000-003 004 004-001-003-001 003 003 002 000
DST6606*08       000-002-005-008-007-004-001 001 000 000 000-002-001-002-001-002-003-004-004-004-005-004-002 000 000-003
DST6606*09       000 000 001 001 001 001 001 002 004 003-001-001 000 000 002 001-001-002 002 004 003 001-001-001 005 001
DST6606*10       000 000-001-004-002 003 005 005 006 007 010 011 011 012 010 008 010 010 011 013 010 010 010 011 013 007
DST6606*11       000 015 014 013 012 012 013 014 016 017 017 017 015 015 013 011 011 008 006 005 007 008 010 011 011 012
DST6606*12       000 013 013 014 011 008 002 000-002-002 000 000 001-004-004-006-005-003-002-001-004-007-013-014-011-001
DST6606*13       000-006-004-006-005-006-005-005-003-005-004-003 000 001 002 003 001 002 003 003 000-004-006-004-003-002
DST6606*14       000-005-002-001-001 001 001 000-001-003-004-009-009-007-005-003-003-003-002-005-007-009-011-009-009-004
DST6606*15       000-007-004 000 003 005 006 007 008 008 007 007 007 011 013 012 008 006 008 004-001-007-006-006-009 003
DST6606*16       000-001 003 008 007 006 006 005 003 003 002 003 005 007 004 004-001-004-004-002-001 000-003-005-002 002
DST6606*17       000 003 007 010 010 011 012 011 009 008 007 007 004 006 013 015 011 010 011 009 006 003 000-003 000 008
DST6606*18       000 002 003 001-001 002 005 006 005 006 008 007 007 008 008 015 019 022 022 019 017 018 015 013 011 010
DST6606*19       000 007 008 012 018 019 018 016 012 012 014 016 021 027 027 024 028 026 024 026 020 012 003 000 001 016
DST6606*20       000 004 004 006 007 009 007-001-001 000 003 007 009 010 009 007 004 004 006 007 000-001-003-003 000 004
DST6606*21       000 000-001 000-001 002 003 004 004 002 003 006 007 008 009 009 007 007 009 006 004 003 000-001 000 004
DST6606*22       000 000 001 002 005 004 005 002 001 000 002 002 004 006 005 004 005 003 004 005 009 010 008 007 007 004
DST6606*23       000 005 007 012 011 012 015 017 020 022 019 015 010 003 003 001-011-014-019-030-035-034-023-015-002 000
DST6606*24       000-001 005 012 018 017 021 026 029 029 022 023 022 023 022 028 026 026 020 008-003-020-026-024-017 012
DST6606*25       000-015-016-023-026-022-019-019-014-007-008-015-019-014-011-009-011-014-013-013-015-015-015-014-010-015
DST6606*26       000-004-003-003-002-003-003 000-001-003-002-003-001 001-002-003-001 002 000-002-006-013-014-014-015-004
DST6606*27       000-013-012-010-009-008-007-006-004-002-001 003 004 003 002 002 002 003 001 002 003 003 005 004 006-001
DST6606*28       000 007 009 010 010 008 007 009 008 007 008 009 008 012 013 011 012 011 008 003 002 003 006 003 004 008
DST6606*29       000 003 001 003 003 004 002 000 000 003 004 005 004 003 003 001 002 003 006 006 004 005 004 003 002 003
DST6606*30       000 004 002 003 002-001-001-002-002 000 002 002 004 006 007 005 004 004 008 007 005 001-007-010-011 001
DST6607*01       000-009-007-004-005-002-002-002 000 002 002 003 000 004 007 009 006 007 007 003 003 005 003-001-002 001
DST6607*02       000-002-002-004-004-002-001 001 004 007 007 008 008 008 008 008 009 010 010 009 007 005 002-003-006 004
DST6607*03       000-004 000 003 003 003 000 002 005 007 005 007 006 006 007 009 008 008 007 008 007 004 002 001 000 004
DST6607*04       000 002 002 001 002 004 005 007 010 011 010 011 010 011 009 013 016 011 006-002 001 002-003-009-015 005
DST6607*05       000-012-009-004-007-004-002-002-002 000 001 002 002-001-002-004-005-005-006-005 000 000-002-004-003-003
DST6607*06       000-002 001 004 006 005 003 007 010 007 004 002 003 005 009 011 011 010 007 005 004 003 001 001 000 005
DST6607*07       000 001 001-001-002-002 002 005 006 006 004 003 005 004 005 008 008 007 009 010 009 011 012 012 013 006
DST6607*08       000 017 021 028 032 032 033 017 001-011-013-007 000-006-013-013-009-011-018-020-018-012-002-007-015 000
DST6607*09       000-015-027-035-044-050-057-060-074-074-058-053-052-057-055-049-045-041-040-041-042-041-039-040-038-047
DST6607*10       000-045-045-039-031-031-044-050-046-049-041-036-041-040-033-032-033-033-033-035-036-033-028-025-025-037
DST6607*11       000-022-023-022-023-028-027-028-025-021-022-021-018-018-020-020-018-009-007-013-018-014-009-008-017-019
DST6607*12       000-026-026-024-023-024-031-037-038-039-032-036-036-037-036-031-027-028-027-026-025-021-021-020-022-029
DST6607*13       000-021-020-018-016-014-014-012-011-010-009-011-012-014-012-011-011-011-009-010-010-007-007-010-009-012
DST6607*14       000-009-009-006-004-002-001 001 003 005 005 005 007 007 005 004 003 000 002 005 003 005 005 005 003 002
DST6607*15       000 000 001 008 011 009 006 006 005 006 007 008 010 011 014 014 022 017 013 011 017 017 009 015 018 011
DST6607*16       000 015 009 005 004 003 002 003 004 006 010 011 010 009 011 013 015 016 013 005 000 001-002-005-008 006
DST6607*17       000-013-010-009-013-009-008-006-001-001-002-002 001-001 001 002 005 003 001-003-003-008-013-010-007-004
DST6607*18       000-004 001 004 003-002-004-005-004-004-003-006-002 000 000 001 003 004 005 005 003 006 008 007 008 001
DST6607*19       000 009 008 007 006 003-002 000 001 003 007 007 004 003 004 007 009 010 011 011 005 000-002-005-007 004
DST6607*20       000-008-008-003 005 009 007 006 009 013 014 010 007 000-003-003 001 005 003-001 000 000 001 004 006 003
DST6607*21       000 005 000-001-006-014-011-007-007-004 002 008 009 004 002 000 001 001-002-003-011-013-013-009-011-003
DST6607*22       000-020-023-022-017-015-015-013-011-009-008-006-008-010-012-013-012-009-009-010-006-001-001-006-008-011
DST6607*23       000-008-010-010-007-009-012-009-003 001-002-003-001-001-003-004-004-005-005-003-003-004-005-003-005-005
DST6607*24       000-004-008-008-008-007-007-002 002 002-004-005-005-005-003-003-002 000 001 002 003 005 007 005 004-002
DST6607*25       000 002-003-004-001 000 002 003 003 003 006 007 008 008 007 006 005 007 005 003 001 000 001 003 006 003
DST6607*26       000 007 006 006 000-002-001 004 005 002 005 006 005 003 002 003 005 004 007 010 010 006 004 002-001 004
DST6607*27       000 000 002 003 001-002-001 017 016 009 010 008 008 013 022 020 010 019 015 006 005 005 006 005 005 008
DST6607*28       000 005 007 005-003-016-015-010-008-012-010-008-012-011-012-010-006-002 001 002 002-003-009-010-009-006
DST6607*29       000-010-009-007-008-007-009-009-008-008-004 001 002 002 001 001 002 006 007 009 011 010 010 011 011 000
DST6607*30       000 010 008 009 012 009 004 004 001 001 003 006 006 004 003 004 003 004 005 006 006 006 008 011 011 006
DST6607*31       000 009 008 008 009 008 008 007 005 007 008 005 003 006 006 007 008 008 006 003 001 002 001 000 006 006
DST6608*01       000 022 025 021 019 014 006 005 008 007 008 006 007 006 008 009 014 015 013 010 007 004 001 005 008 010
DST6608*02       000 008 011 009 008 007 006 005 006 007 007 007 006 003 001 003 005 007 008 006 002 001 001 002 006 006
DST6608*03       000 012 014 014 017 018 014 012 014 018 018 010 014 015 007-003-008-007-003-002-002-005-006-007-009 006
DST6608*04       000-010-008-002 002 001 002 005 006 003 001 000 005 007 003-002-008-006-003-001-002-004-008-004-011-001
DST6608*05       000-013-011-003-001-002-004 000-001-007-005-001-004-008-010-011-012-013-009-007-005-006-008-010-008-007
DST6608*06       000-004-002-006-008-010-011-009-006-004-003-003-001 002 004-001-006-005-004-003-001 001 000 001-002-003
DST6608*07       000-007-010-012-011-009-004-003-003-002-003-003-005-004-001 000 002 002 003 003 004 004 003 003 004-002
DST6608*08       000 004 002 002 004 007 006 006 008 014 013 013 011 011 009 006 005 006 010 011 009 009 012 014 016 009
DST6608*09       000 011 009 013 015 013 006 006 010 008 009 010 012 010 008 003 001 007 010 010 000 001 009 012 011 009
DST6608*10       000 007 006 004 008 003-004-004-001 005 005 003-001 000-003-002-002-002 003 006 005 004 002 004 009 002
DST6608*11       000 012 010 008 002-003-011-017-012-006-001 001 001 003 001-002-005-003-003-007-007-003-007-015-018-003
DST6608*12       000-013-014-015-018-014-012-010-016-022-019-012-010-012-016-015-015-011-011-007 000 007 008 008 007-010
DST6608*13       000 005-001-011-014-011-008-007-010-008-004-001-002-002-002-003-003-005-004-004-002 001 003 005 000-004
DST6608*14       000-009-016-014-014-018-021-023-023-022-018-013-013-010-008-007-006-003 003 010 008 004 004 006 006-008
DST6608*15       000 006 002 002 002 003 001 000 001 001 002 004 000-001-001-002-002 000 006 011 011 011 010 011 010 004
DST6608*16       000 007 003 001 001 001 001 000-002-001 001 004 005 006 007 006 004 004 005 005 004 004 002 002 003 003
DST6608*17       000 006 008 007 005 004 005 006 007 008 008 007 009 012 012 013 010 009 008 009 012 014 012 010 010 009
DST6608*18       000 008 009 010 013 016 016 016 018 019 013 006 000 005 015 017 013 009 002-009-014-009-001 001 002 007
DST6608*19       000 000 000-001-018-020-011-006-004-003-007-017-030-032-018-019-022-028-032-031-024-015-011-011-011-015
DST6608*20       000-010-007-008-007-007-008-009-019-022-017-013-011-012-014-016-016-014-011-009-005-004-005-007-008-011
DST6608*21       000-007-005-002 002 000-003-002-002-002 000 000-001-001-002-005-008-008-006-004-001 004 007 008 004-001
DST6608*22       000 002-001-004-004 000 002 002 002 002 003 005 006 007 009 010 009 005 003 007 008 012 012 008 010 005
DST6608*23       000 012 014 015 017 014 014 017 025 023 001 001 001 000 000-002-006-009-013-021-017-011-010-012-012 002
DST6608*24       000-015-017-011-010-007-003 000 000 001 003 005 001-006-003-005-009-008-008-006-009-012-010-010-009-006
DST6608*25       000-003-002-001-001 001 002 002 003 000-004-005-005-002-003-002-001 001-001-002-001-001 004 005 003-001
DST6608*26       000 003 006 001-001-001-002-003-002-003 000 001-001-001-002-002-002 000 000-003-001-001 000 002 001 000
DST6608*27       000 001 001 000-002-001-003 000 003 003 005 005 003 003 006 007 005 007 005 006 007 007 006 004 003 003
DST6608*28       000 002 002 002 004 005 007 008 006 006 006 007 005 003 003 003 005 007 009 011 011 010 010 007 005 006
DST6608*29       000 004 001 003 008 010 011 010 009 009 009 008 008 011 028 030 027 025 023 020 018 021 015-005-029 011
DST6608*30       000-047-054-058-048-053-048-047-045-038-031-025-009-003 013 016 010 012-004-031-039-036-064-099-111-035
DST6608*31       000-094-084-083-071-066-059-056-056-056-055-054-053-046-039-032-033-034-025-016-020-024-031-034-030-048
DST6609*01       000-033-032-032-033-032-031-027-031-036-036-037-031-018-019-018-017-021-031-033-035-039-043-034-031-030
DST6609*02       000-031-032-034-032-028-028-023-023-019-016-019-019-018-008-010-013-012-005-005-011-003-003-007-010-017
DST6609*03       000-008 001 001 008 008-001-001-002-026-051-064-062-044-039-055-072-083-090-092-092-100-106-141-157-053
DST6609*04       000-173-173-183-188-180-186-189-169-165-158-142-133-120-113-112-107-104-110-107-100-094-089-082-079-136
DST6609*05       000-078-078-082-079-076-072-072-070-064-061-057-054-060-058-065-063-057-058-061-060-059-056-044-041-064
DST6609*06       000-041-035-045-047-054-046-048-044-051-053-050-048-047-049-051-046-043-040-041-040-041-040-035-033-045
DST6609*07       000-034-039-038-038-039-036-028-025-027-025-025-028-033-028-032-035-040-038-039-042-041-038-033-029-034
DST6609*08       000-029-031-035-044-042-042-042-042-053-059-060-065-057-057-056-062-061-061-066-065-061-051-048-044-051
DST6609*09       000-040-041-040-040-036-035-041-046-044-041-041-043-043-040-039-040-040-036-036-034-032-029-029-030-038
DST6609*10       000-031-039-045-046-039-038-038-033-030-031-034-035-032-028-030-035-037-032-027-023-022-019-022-025-032
DST6609*11       000-020-020-019-019-019-022-022-022-022-019-018-019-020-021-023-025-022-023-023-021-021-021-021-020-021
DST6609*12       000-018-018-017-016-016-016-015-016-018-019-019-013-015-018-016-017-022-022-023-019-016-019-019-017-018
DST6609*13       000-013-014-016-017-022-021-020-019-017-017-018-019-018-016-018-019-017-016-017-018-017-013-010-009-017
DST6609*14       000-008-005-004-001-001-001-005-008-006-005-004-003 001 005 008 016 004-003 006-002-006 002 001-002-001
DST6609*15       000-009-007-004-007-011-012-011-012-017-020-020-020-017-015-012-014-016-019-017-019-036-037-040-045-018
DST6609*16       000-040-037-027-018-017-015-011-010-012-015-015-014-018-015-015-013-011-014-014-018-018-013-010-009-017
DST6609*17       000-017-017-022-026-021-018-016-015-017-018-018-015-007-007-007-008-007-005-002-004-005-006-010-012-013
DST6609*18       000-012-010-010-009-008-008-007-008-008-010-013-011-012-010-006-002 002 004 005 005 002 000 001 000-005
DST6609*19       000-005-007 001 011-002-003 002 005 002 004 009 010 009 002-004-004-005-004-004-005-008-005-006-015-001
DST6609*20       000-014-014-013-009-005-002-001 001-009-011-009-008-009-017-027-021-016-014-017-021-021-020-018-014-013
DST6609*21       000-013-016-020-021-020-015-006-005-008-012-012-011-012-012-011-008-006-008-013-015-014-012-013-014-012
DST6609*22       000-017-016-015-014-013-009-007-008-008-010-012-012-010-011-010-008-004-005-009-010-013-005-003-005-010
DST6609*23       000-010-011-010-011-011-005-002-001 000 024 022 018 015 014 008 005 007-006-024-031-021-009-013-009-003
DST6609*24       000-009-010-006 000 005 005 007 006-004-015-018-023-019-010-012-010-007-008-011-009-009-008-007-008-008
DST6609*25       000-010-014-014-019-016-013-015-008-010-013-014-015-014-013-012-012-011-010-009-007-005-010-008 000-011
DST6609*26       000 000-011-022-018-013-012-013-010-006-015-019-018-022-024-017-022-021-016-018-025-017-011-016-014-016
DST6609*27       000-005-007-010-013-014-016-017-011-020-020-008-010-003 003 006-006-013-016-020-021-017-012-014-013-012
DST6609*28       000-013-010-013-029-040-035-023-017-016-018-019-020-019-017-026-032-027-026-024-022-019-015-021-021-022
DST6609*29       000-020-013-015-021-027-025-021-021-022-026-025-025-028-027-025-022-021-025-025-025-020-016-014-013-022
DST6609*30       000-013-012-010-008-009-018-023-022-024-024-020-020-020-020-020-019-017-019-020-021-018-021-023-023-019
DST6610*01       000-024-024-028-028-026-027-024-020-023-026-025-022-019-021-020-017-015-015-014-013-012-010-009-009-020
DST6610*02       000-010-012-015-012-012-014-014-017-015-016-019-020-018-017-015-014-013-013-011-009-009-010-012-013-014
DST6610*03       000-014-014-013-012-008-007-009-008-005-002-004-006-006-005-003-002-001 000 001 003 005 004 003 002-004
DST6610*04       000 006 003-006-013-016-015-019-016-016-014-009-007-007 003 003 002 016 026 037 038-006-031-024-036-004
DST6610*05       000-036-054-056-058-052-048-059-059-056-062-062-052-039-041-040-045-048-045-037-029-032-030-032-032-046
DST6610*06       000-032-031-034-039-043-043-043-039-033-032-030-035-038-028-026-029-029-031-033-032-032-031-027-023-033
DST6610*07       000-022-022-020-019-019-019-015-012-010-009-010-011-012-010-014-018-026-028-028-026-024-023-025-030-019
DST6610*08       000-028-027-026-027-026-022-018-017-018-020-022-025-023-019-018-018-017-018-016-014-013-013-014-014-020
DST6610*09       000-013-014-019-020-019-017-019-023-023-022-022-018-013-015-013-013-014-013-015-015-015-012-015-017-017
DST6610*10       000-014-013-011-011-011-011-008-009-010-011-012-013-014-013-010-008-007-008-010-013-010-007-005-005-010
DST6610*11       000-004-004-004-005-006-005-002-002-003-004-005-005-006-005-003-004-005-004-004-007-008-006-007-008-005
DST6610*12       000-007-007-004-004-002 002-005-005-004-003-003-004 000-003-001-002-007-006-008-010-006-001-008-011-005
DST6610*13       000-008-006-005-005-003-001-006-007-007-008-008-008-010-009-008-006-005-008-007-008-008-005-005-006-007
DST6610*14       000-003-001-002-006-011-009-008-006-004-003-007-008-006-003-001 000 001 000 000-002-002-001 000 001-003
DST6610*15       000 002 005 003-002-005-007-006-004-001 000 008 002 003 009 013 016 012 004 011 003-003-004-014-009 002
DST6610*16       000-004 007 001 004-003 002-003-022-042-047-045-047-048-049-058-054-050-049-045-039-037-039-032-028-030
DST6610*17       000-028-025-022-026-027-028-026-025-025-024-024-021-017-014-012-011-013-021-022-019-016-013-013-018-020
DST6610*18       000-022-020-017-013-014-012-011-012-012-013-014-014-014-014-016-015-011-011-008-008-009-007-007-007-013
DST6610*19       000-008-007-007-008-008-010-012-012-011-012-013-011-008-005-005-005-005-009-011-007-004-004-002-004-008
DST6610*20       000-005-004-002-002-004-004-002-003-004-004-005-003-003-004-004-003-002-002 000 000-002-002-001-002-003
DST6610*21       000-001 001 002 001 001 001 001 002 003 003 001 002 000-002-003-003-002-003-004-002-001 000 002 003 000
DST6610*22       000 003 002 001 001 004 005 005 005 004 004 007 008 009 009 007 003 003 003 000 002 003 000 002-001 004
DST6610*23       000-003-003-003-001 001 002 004 002 002 004 006 007 008 009 010 016 017 018 019 020 018 017 021 022 009
DST6610*24       000 023 027 026 025 019 017 016 019 022 024 027 028 027 022 016 001-005-003 002 003-003-008-013-018 012
DST6610*25       000-015-012-015-015-015-014-017-018-015-017-018-016-018-010-009-007-006-006-009-009-015-013-013-009-013
DST6610*26       000-004-001-003-005-020-019-009-008-010-013-014-012-011-010-010-017-017-021-020-020-019-023-022-019-014
DST6610*27       000-018-017-016-017-016-014-012-011-011-011-009-010-008-006-008-013-017-017-014-013-013-009-010-012-013
DST6610*28       000-011-010-010-012-012-011-010-010-011-010-009-008-007-004-002-003-005-006-006-006-008-009-007-007-008
DST6610*29       000-005-004-007-011-010-008-012-010-008-006-007-007-005-005-003-003-005-007-008-009-009-007-006-004-007
DST6610*30       000-001 012 012 009 007 007 008 005 004 008 009 017 025 030 038 029 007-010-012-015-017-020-020-005 005
DST6610*31       000 003-008-023-020-015-033-037-031-027-027-027-025-025-024-028-035-042-045-042-053-051-048-047-042-031
DST6611*01       000-035-030-031-036-032-036-042-041-036-042-041-032-031-028-028-029-042-044-039-034-030-027-023-024-034
DST6611*02       000-024-025-024-022-023-025-023-022-021-020-017-017-015-012-013-014-019-019-020-015-015-012-013-013-018
DST6611*03       000-014-013-014-019-023-023-024-024-016-016-018-021-019-018-019-021-019-018-017-016-017-018-016-016-018
DST6611*04       000-014-016-016-018-019-018-019-016-018-017-014-013-012-009-011-011-014-014-015-019-020-017-012-007-015
DST6611*05       000-008-007-005-009-014-017-018-018-024-025-024-022-022-023-026-026-027-024-024-023-018-013-011-009-018
DST6611*06       000-010-008-010-014-019-019-018-015-011-007-007-012-016-012-014-016-022-025-029-030-028-024-022-019-017
DST6611*07       000-016-012-015-021-024-023-020-021-018-015-014-017-017-015-014-012-010-008-007-004-005 000-002-002-013
DST6611*08       000-003-008-019-024-025-023-014-012-014-012-012-010-010-009-009-010-007-008-012-011-006-001 000-001-011
DST6611*09       000-003-005-005-002-004-004-006-004-004-002 002 004 005 005 003 001 000 000 001 003 004 010 013 016 001
DST6611*10       000 022 021 017 015 009 000-011-008-005-001-001-002-012-010-008-008-011-011-011-015-016-016-010-005-003
DST6611*11       000-005-003-005-010-014-013-013-010-007-005-011-008-004-004-006-008-009-011-010-010-009-005-002 000-008
DST6611*12       000 001 001-005-010-013-010-009-011-010-010-007-002-003-004-003-003-006-009-015-019-013-006-004-003-007
DST6611*13       000-002 006 006 004-001-001-003-005-005-007-010-006-002-005-009-010-009-009-012-009-007-007-003 000-004
DST6611*14       000 000 001 000 000-003-002-001-002-002-001-002 001 003 003 001 003 002 001-001-002-002-002-001-003 000
DST6611*15       000-002-002 001 002 003 003 004 005 008 003 001 002 001 001-001-001-002-004-005-005-004-004-005-007 000
DST6611*16       000-007-008-010-013-013-011-012-014-017-020-016-007-009-011-013-011-008-007-007-004-007-008-009-009-010
DST6611*17       000 002-005-003-003-003 000 004 008 007 003 002 005 004 005 004 005 006 015-002-016-019-014-016-014-001
DST6611*18       000-012-009-008-007-004-001 001 006 006 005 008 018 021 018 011 006 005 004 002-001-003-007-014-019 001
DST6611*19       000-018-018-021-020-017-017-016-019-021-021-022-022-015-017-021-017-012-011-011-008-007-005 000 002-015
DST6611*20       000 005 003-003 000-001-001 003 006 004 003 004 004 007 007 004 004 003-004-009-011-009-017-021-019-002
DST6611*21       000-018-017-016-015-014-010-006-006-008-005-006-004-003-004-006-006-006-005-004-004-005-007-009-012-008
DST6611*22       000-012-012-010-013-009-003 002 004 006 005 005 004 000-002-004-004-001-003-002-002-002 000 000-002-002
DST6611*23       000-001 003 005 006 005 007 007 007 009 007 002-001-001-002-003 000 004 005 004 004 006 005 005 006 004
DST6611*24       000 004 005 005 001-004-010-013-016-016-015-017-013-009-009-007-004-004-003-006-009-007-005-005-002-007
DST6611*25       000-003-004 001 004 007 007 008 005 003 004 002 005 007 007 015 015 014 014 017 018 015 008 005 006 008
DST6611*26       000-002 004 007 002 002 009 004 005 005 013 005 008 007 001-001-003-003-002-005-006-007-006-006-005 001
DST6611*27       000-004-003 000 002 008 013 011 008 007-001-003-005-004-002 000 002-001-001-004-002 003 000 004 002 001
DST6611*28       000-001-001 000 000-002 000 001 003 009 008 003-002-005-014-015-014-017-020-028-027-018-017-013-017-008
DST6611*29       000-029-020-013-011-016-017-017-017-017-018-023-020-018-020-021-020-019-018-014-012-009-008-007-005-016
DST6611*30       000-005-004-004-003-001-008-010-018-022-026-027-029-025-029-026-027-030-028-029-028-030-031-034-029-021
DST6612*01       000-026-025-025-027-024-031-029-026-019-020-019-018-020-016-018-018-019-017-016-021-022-022-021-021-022
DST6612*02       000-021-020-018-017-014-011-007-005-003-005-011-010-006-006-006-007-009-009-012-012-012-013-014-014-011
DST6612*03       000-015-014-011-007-003-001-001 000 001 001 000 001 001 001 003 003 002 003 003 003 004 006 002-001-001
DST6612*04       000-001 002 003 005 012 017 016 005 007 002 000 005-007-019-027-025-021-023-022-025-028-030-030-027-009
DST6612*05       000-030-029-027-022-022-020-015-016-020-012-012-009-012-014-013-011-010-013-020-035-043-042-042-043-022
DST6612*06       000-043-044-043-035-029-026-023-020-019-022-024-022-019-018-016-016-018-017-019-018-018-019-019-018-024
DST6612*07       000-018-019-019-017-014-012-011-006-005-006-006-006-006-005-005-005-006-006-006-007-009-007-008-007-009
DST6612*08       000-005-005-008-008-005-003 001 005 005 003-001-003-004-003-002 000 001 002 003 004 003 001-002-003-001
DST6612*09       000-005-007-007-004-002 000 000 003 005 004 001 002 003 001 001 000 001 003 005 008 008 008 008 008 002
DST6612*10       000 008 006 003 002 004 001 003 007 009 007 007 007 009 008 009 012 013 011 010 011 009 010 012 013 008
DST6612*11       000 010 003-002-002 003 008 010 008 007 007 006 007 008 009 010 009 007 008 007 004 004 003 002 002 006
DST6612*12       000 002 001 002 007 008 007 006 005 008 008 009 012 013 011 009 008 007 005 004 004 006 008 009 012 007
DST6612*13       000 019 030 046 026-003-007-011-007 006 004 002-003-010-010-010-020-018-025-029-025-023-019-016-014-005
DST6612*14       000-016-013-006-005-013-012-007-003 003 004-002-007-001-007-033-067-092-094-094-086-078-083-077-070-036
DST6612*15       000-070-076-074-067-064-074-077-069-063-061-063-053-050-048-043-030-038-040-038-037-040-042-041-041-054
DST6612*16       000-041-042-038-037-039-041-039-038-037-038-038-036-034-033-030-026-019-010-001-002-008-015-021-024-029
DST6612*17       000-027-030-026-022-020-019-013-006-008-011-014-017-015-017-019-014-014-018-016-011-014-017-026-025-017
DST6612*18       000-023-022-021-019-020-019-013-015-015-015-016-019-019-021-020-018-016-013-013-013-015-018-018-021-018
DST6612*19       000-023-023-025-023-019-017-015-011-009-010-012-012-011-012-012-015-015-013-010-010-013-017-020-021-015
DST6612*20       000-020-018-018-015-011-007-006-005-003-001-001-002-006-007-011-009-010-009-007-009-021-027-026-027-012
DST6612*21       000-026-029-028-025-023-022-021-016-012-012-016-015-013-010-015-014-015-019-018-021-023-022-026-027-020
DST6612*22       000-025-023-025-022-016-004-004-005-002 000-002-004-015-016-008 004-005-010-011-009-019-030-034-036-013
DST6612*23       000-033-033-030-026-022-019-015-010-008-007-010-017-015-015-015-009-010-009-002 004 000-002-013-008-014
DST6612*24       000-018-018-018-011-001-011-026-029-024-027-020-018-016-015-015-012-010-010-012-013-012-013-014-016-016
DST6612*25       000-017-014-010-008-009-009-016-020-022-021-014-009-009-011-015-013-013-015-011-003 005 003 003-004-011
DST6612*26       000-006-013-019-014-012-015-022-026-026-023-020-021-021-025-019-019-025-024-017-014-021-022-027-028-020
DST6612*27       000-025-026-025-029-031-038-038-037-041-038-038-027-026-025-021-019-021-030-027-030-029-029-029-032-030
DST6612*28       000-027-024-025-028-025-025-024-027-032-029-027-024-022-018-016-017-015-018-018-017-015-018-018-016-022
DST6612*29       000-013-014-014-014-017-018-017-018-016-016-016-013-012-012-011-009-007-008-008-009-011-011-012-012-013
DST6612*30       000-012-011-007-007-006-006-007-007-008-011-012-011-012-017-018-016-013-014-011-011-012-009-009-011-011
DST6612*31       000-011-012-012-011-011-008-004-002-001-002 000-001-006-004-004-004-002 002 003 003 004 006 003 001-003
