DST6501*01       000 011 011 014 019 021 022 021 020 017 016 015 015 012 012 017 019 012 007 006 005 008 010 013 016 014
DST6501*02       000 019 016 017 020 024 029 017 013 012 013 012 011 007 005 007 010 007 003 001 000 001 003 006 001 011
DST6501*03       000 000 003 003 003 003 004 003 001 003 002 002 002 000 001 004 004 002 004 006 007 009 010 011 013 004
DST6501*04       000 014 014 013 011 009 011 010 010 010 011 013 014 010 009 013 016 015 011 009 008 009 011 012 013 012
DST6501*05       000 014 011 012 014 015 016 015 012 010 007 005 003 005 005 005 004 002 001 003 004 004 002 004 005 007
DST6501*06       000 005 004 006 007 010 010 010 009 010 008 010 013 018 018 018 016 013 012 011 010 009 009 010 009 011
DST6501*07       000 010 012 016 019 018 016 015 014 015 018 020 018 012 009 009 009 012 012 009 006 007 011 012 019 013
DST6501*08       000 006 007 013 017 017 012 002-006-018-019-011-007-011-016-018-016-018-015-014-014-016-015-013-010-007
DST6501*09       000-007-008-006-005-006-004-005-005-005 000 001 002 000 001 003-001-002 001-001-002-003-005-003-001-003
DST6501*10       000-003-004-001 000-001 000 000 001 006 009 008 006 003 004 007 008 004-001-003 000 000 001-004-004 002
DST6501*11       000-005-003 000 002 001 003 003 003 004 003 001 000 000 000-001 000 002 003 004 004 004 004 004 006 002
DST6501*12       000 004 005 007 008 010 016 021 021 020 018 017 015 004 000 001 002 004 002 006 007 003-005-002 002 008
DST6501*13       000 000-006-014-012-008-006-007-008-007-005-004-005-007-007-007-003-008-011-010-009-007-005-003 001-007
DST6501*14       000-003 002 001-002 001 006 006 003 003 001-001 002 001 001 003 003-001-001 001 002 002 005 004 006 002
DST6501*15       000 005 009 007 008 013 012 011 010 010 009 007 004 001-001 003 004 001-002-001 001 007 008 005 008 006
DST6501*16       000 009 007 007 009 008 007 008 005 005 007 005 004 002-001 000 002 005 005 007 008 009 008 003 001 005
DST6501*17       000 002 005 005 003 002 000 002 003 006 005 009 014 015 009-001 001 003-001 000-003-004 001 008 012 004
DST6501*18       000 013 010 007 006 003 004 007 007 004 002 004 003 004 004 003 004 003 003 004 003 004 003 008 010 005
DST6501*19       000 011 009 011 012 012 012 007 004 004 004 003 004 004 006 006 006 007 008 008 009 008 010 008 006 007
DST6501*20       000 006 006 007 008 009 012 013 015 016 014 010 009 007 005 005 005 015 012 010 013 023 021 017 015 011
DST6501*21       000 006 002-003-003 003 002 004 003 002 003 002 005 008 010 009 008 011 015 016 015 010 009 010 012 007
DST6501*22       000 011 013 012 008 007-003-008-006-008-006-007-003-011-011-001-002-004-008-011-013-012-013-007-004-004
DST6501*23       000-002 004 005 000 000 003 006 006 003 001 001 005 004 000 001 000 000-001-001 000 002 000-002-004 001
DST6501*24       000-006-006-005-003-001 001 000 000 002 004 004 003 002 003 003 003 005 006 007 007 010 012 014 013 003
DST6501*25       000 011 012 010 010 009 009 009 010 009 010 010 011 012 013 012 012 013 012 014 014 012 012 012 013 011
DST6501*26       000 013 011 011 013 013 013 014 017 025 026 022 021 016 015 011 011 012 011 007 006 007 010 012 012 014
DST6501*27       000 010 011 013 012 006 012 009 011 011 013 015 015 014 017 020 020 017 013 011 011 007 002 005 003 012
DST6501*28       000 003 007 006 009 010 006 009 012 013 015 012 013 011 011 013 009 006 004 006 003 000 002-001-001 007
DST6501*29       000 002 005 002 006 007 006 002 001 000 002 005 007 008 006 006 004 004 005 005 005 007 008 008 006 005
DST6501*30       000 005 004 004 004 003 003 001-001-001-004-002 005 008 010 009 006 004 002 005 006 006 002 004 006 004
DST6501*31       000 007 009 009 008 007 007 008 008 008 009 009 013 016 013 012 012 011 011 009 008 003 003 008 008 009
DST6502*01       000 009 013 010 011 010 006 003 003 002 001 002 007 009 007 004 007 009 010 009 010 011 010 008 008 007
DST6502*02       000 008 009 009 010 010 010 009 010 012 015 017 018 018 016 015 016 015 014 017 018 017 018 019 021 014
DST6502*03       000 022 021 021 021 020 016 015 016 012 011 012 017 015 015 015 012 008 008 009 008 008 007 005 005 013
DST6502*04       000 008 010 016 015 013 017 011-001-003-007-009-006 000 000-002-008-011-004 002-002-003-002 001 003 002
DST6502*05       000 004 003 003 005 010 011 011 007 004 002 005 008 007 005 007 008 007 006 008 012 009 009 001 000 006
DST6502*06       000 002 004 007 011 013 012 010 006 007 005 003 004 005 005 012 002 000 000 008 014 011 004 007 006 007
DST6502*07       000 005-004-008-019-029-038-039-051-057-060-058-052-053-051-045-041-046-049-046-042-041-038-034-029-039
DST6502*08       000-029-027-022-015-010-011-014-020-020-013-005 001 001-001 000 002 004 015 006 003-010-015-023-009-009
DST6502*09       000-010-017-019-018-018-016-010-010-006-001-004-006-005-009 001-003-010-010-006-011-013-015-017-014-010
DST6502*10       000-010-011-011-004-002-004-006-005-006-011-016-011-011-014-014-010-007-007-007-009-012-017-016-012-010
DST6502*11       000-007-006-006-007-011-013-013-010-006-004-003-004-003 000 002 002 003 001-004-003-002-001-003-008-004
DST6502*12       000-011-009-009-010-008-009-008-006-002-001-001-001-001 000 001 000-001 001 001-001-003-003-001 001-003
DST6502*13       000 001 005 002 002 002 002 003 004 005 006 009 012 014 014 013 013 013 012 009 008 008 007 010 008 008
DST6502*14       000 010 010 012 009 003-006-008-012-009-002-003-001 003 006 005 005 003 001 000 001 004 004 006 002 002
DST6502*15       000-004 002 004 005 001-004-003-004-004-004-004-003-001-001-005-013-010-006-006-008-008-007-004 000-004
DST6502*16       000 004 003 000-004-004-003-002-003-005-006-006-005-004-003-001 001 000-001-001 000 000 000 000 000-002
DST6502*17       000-001 002 003 005 006 006 005 003 001-002-003-003-003-003-001 003 004 004 003 002 004 007 007 007 002
DST6502*18       000 008 010 011 010 007 006 004 004 003 000 001 004 006 005 004 005 002-001-001 001-002 000 004 007 004
DST6502*19       000 008 007 004 003 003 008 012 012 009 005 000-002-003-003-004-004-003-003-001 001 001-001 002 004 002
DST6502*20       000 005 008 012 010 010 007 002 005 005 007 007 011 014 012 009 013 022 019 014 012 015 011 016 019 011
DST6502*21       000 012 014 012-003-009-007-003 000 000-004-016-019-014-009-009-009-012-011-009-008-007-001-005-007-005
DST6502*22       000-007-007-005-006-007-007-004-003-001 001 002 005 003 003 005 006 003 003 010 016 014 011 010 013 002
DST6502*23       000 011 010 010 008 006 005 006 011 016 015 011 008 004 003 000-010-018-024-027-021-017-016-020-025-002
DST6502*24       000-025-023-021-021-022-023-022-021-018-011-010-008-008-005-003 000 000-001-004-003 001 003 002-005-010
DST6502*25       000-017-019-016-017-017-015-019-022-019-015-008-007-006-005-004-003 000 002 002 002 002 002 005 003-008
DST6502*26       000 004 004 006 004 001-003-004-009-013-014-010-005-005-003-001-001 005 008 000-002-003-004-003-002-002
DST6502*27       000-003-005-006-005-004-004-003-003-003-003-003-007 000 002 003 000 000 002 002 001-002-003 000-003-002
DST6502*28       000-003-002-005-003-002-002-001 000-001 002 001 003 003 002-001-002-001 001 003 002-001 003 003 004 000
DST6503*01       000 005 002 001 000 003 005 006 005 006 008 006 004-001 000-001-005-011-013-016-011-005-001 003 003 000
DST6503*02       000 005 004 003 001-001 001-005-005-003 002 001 003 004 009 011 013 010 002-003 000 008 013 013 012 004
DST6503*03       000 013 011 010 011 005 001-005-014-021-020-015-002-010-008-001 000-008-017-020-025-020-026-028-033-009
DST6503*04       000-035-038-045-051-056-057-065-072-071-063-055-049-042-035-029-026-025-024-023-024-025-022-018-015-040
DST6503*05       000-015-014-015-014-011-009-008-009-006-006-011-016-013-005-001 001 001 000 003 005 004 005 004 003-005
DST6503*06       000 001-001-002-003-004-004-003-004-006-006-005-005-006-004 000 002 000-002-003-006-009-006-002-004-003
DST6503*07       000-001-002-004-003-001 001 002 001 002-003-007-009-006-004-007-006-004-007-007-008-005-006-006-006-004
DST6503*08       000-007-009-008-007-005-003-003-002-002-004-005-006-005 000 006 011 012 010 009 010 009 010 008 008 001
DST6503*09       000 007 011 015 018 021 020 017 015 009 007 007 007 007 009 007 007 006 006 006 005 004 005 003 002 009
DST6503*10       000 003 005 006 005 006 007 009 010 009 010 010 010 009 008 007 007 008 007 010 012 013 014 014 015 009
DST6503*11       000 017 017 013 010 009 007 005 006 006 008 008 008 007 004 002 001 002 002 005 005 007 008 008 008 007
DST6503*12       000 007 007 008 009 010 011 010 011 012 013 015 013 020 024 024 021 016 008-002-007-008-001 008 006 010
DST6503*13       000-001 006 007 009 008 011 015 006 004 002-001-003-006-008-007-001 001 005 005 005 008 008 006 005 004
DST6503*14       000 002-001-002-002-004-003-001-001 001 008 010 008 007 001 000-004-004 002 002 000-002-008-010-008 000
DST6503*15       000-007-004-003 001 004-001-001 002-002 005 008 006 000 000 001 000 001-003-003 000 006 010 010 007 002
DST6503*16       000 006 006 002-001-002-003-002-001 001 004 004 004 004 005 007 007 004 003 004 006 008 005 007 011 004
DST6503*17       000 012 010 010 011 009 009 011 013 012 010 011 014 013 013 012 012 006 001 001 000 002 003 003 001 008
DST6503*18       000-001 000 002 004 005 005 005 003 005 005 007 007 008 009 008 008 008 010 012 013 011 010 007 007 007
DST6503*19       000 006 008 013 018 020 019 016 012 007 004 006 009 008 010 011 013 016 018 020 019 017 014 011 009 013
DST6503*20       000 008 008 007 012 012 010 009 009 007 007 008 015 017 016 019 022 021 023 028 026 020 017 011 006 014
DST6503*21       000 007 010 010 012 013 012 012 011 011 011 010 005-003-002-002-003-003-003-002-001-001-001 000 001 004
DST6503*22       000 005 007 007 008 010 012 014 014 016 017 017 014 012 012 015 021 018 018 018 015 006-012-010-001 011
DST6503*23       000 002 004 002 000-001-011-015-021-017-012-017-018-009-006-005-015-014-017-012-015-022-019-014-011-011
DST6503*24       000-009-009-010-010-006-005-006-003-003-001-002-004-001-003-001-002-008-010-010-008-006-007-006-003-006
DST6503*25       000-004-005-002-001 001-002-007-008-012-018-015-012-012-013-009-004-001 001-001-005-007-006-003-003-006
DST6503*26       000-009-009-011-009-009-012-011-013-009-004-004-004-003-005-005-003-002-003-003-004-006-007-004-001-006
DST6503*27       000 001-001-001 000-002-007-003-005-002 002-001-002 001 002 001 002 001 000-003-003-001 002 002-001-001
DST6503*28       000-003-001 000 003 002-003 000 002 006 004 003 000 000-001-001 000-001-003-001 001 000-002-002-002 000
DST6503*29       000-003-005-002 002 004 004 004 006 008 011 014 014 013 008 003-003-007-005-005-007-006-005-004-003 002
DST6503*30       000-001-001-001-001-001 001 003 006 009 009 009 009 011 009 009 012 009 009 009 005 005 005 004 005 006
DST6503*31       000 006 009 012 006 001 001 002 002-001-001-001 002 003 005 005 006 007 009 007 006 006 004 003 002 004
DST6504*01       000 001 001 002 003 004 004 003 004 004 005 007 009 011 012 013 009 008 010 008 005 004 003 003 005 006
DST6504*02       000 008 009 009 009 006 006 004 004 004 002 003 004 006 006 008 009 006 004 003 003 004 005 005 008 006
DST6504*03       000 008 008 012 013 012 011 012 012 011 010 009 008 008 009 012 011 011 012 012 013 015 012 011 013 011
DST6504*04       000 014 013 016 015 014 017 015 010 009 010 012 012 013 014 009 004 006 009 012 010 005 004 005 007 011
DST6504*05       000 011 010 007 004 001 001 003 005 005 003-001-001-001 001 002 002-001-001 001 005 003-001 001 004 003
DST6504*06       000 004 004 004 004 010 015 021 021 022 022 022 023 026 017 014 014 007 003 007 017 020 017 018 015 014
DST6504*07       000 012 006-001-007-006-005-003-002-001-001 000 004 006-002-007-010-014-013-012-013-011-007-004-004-004
DST6504*08       000-002 000 003 007 007 007 008 006 005 005 006 007 007 007 008 006 008 013 014 015 017 018 015 015 008
DST6504*09       000 014 003-008-011-011-006-008-011-011-005 000 004 006 009 012 011 008 005 002 001 004 006 004-002 001
DST6504*10       000-003-002 000 003 006 000-004-007-006-001 002 004 005 006 008 009 010 012 012 010 009 007 007 005 004
DST6504*11       000 005 002 004 006 006 010 014 016 017 020 020 021 025 028 030 032 019 008-008-022-024-021-017-014 007
DST6504*12       000-012-009-005-006-006-006-003 000 002 003 005 003 004 005 005 005 008 009 005 001 000-001 001-001 000
DST6504*13       000-002-003 002 003 001 001 003 003 003 007 010 012 012 007 005 006 008 006 005 003 001 003 004 005 004
DST6504*14       000 004 006 006 009 012 016 016 012 011 015 018 018 013 011 009 011 013 013 014 012 009 006 005 005 011
DST6504*15       000 004 004 003 003 006 009 009 011 008 007 008 008 007 006 004 002 002 001 000-004-005-004-002 001 004
DST6504*16       000 007 009 011 013 013 016 017 017 015 013 013 013 013 014 013 010 008 008 005 005 005 007 009 012 011
DST6504*17       000 013 013 015 014 012 011 013 018 021 024 023 021 019 033 038 038 040 024 005 020 023 022 022 030 021
DST6504*18       000 033 028 024-007-056-099-111-128-162-158-150-121-106-099-096-088-082-075-075-076-080-082-079-075-080
DST6504*19       000-070-066-064-061-059-055-054-051-053-053-046-046-044-044-047-052-051-045-045-048-055-057-056-050-053
DST6504*20       000-044-044-043-038-036-034-033-034-035-040-037-033-036-041-039-039-038-037-039-040-041-041-037-034-038
DST6504*21       000-033-034-032-031-032-031-030-027-024-023-025-024-023-024-024-025-024-024-026-026-025-025-025-025-027
DST6504*22       000-024-021-019-018-020-019-016-016-016-016-022-021-020-019-019-020-020-019-014-013-013-013-016-011-018
DST6504*23       000-008-007-004-005-010-009-012-013-009-004-007-010-011-012-012-011-009-007-006-008-011-011-008-008-009
DST6504*24       000-007-002 000 002-002-003-004-002-002-002-006-006-008-007-007-008-007-005-006-006-009-010-008-007-005
DST6504*25       000-006-006-005-002 001 002 001 002 004 006 006 004 004 004 002 002 000 002 001 000 001 003 003-002 001
DST6504*26       000-002 001-001 000 002 004 005 003 001 001 001 000 002 002 003 003 002 004 002 003 001 002 001 000 002
DST6504*27       000 000 001 002 002-001-003-003-002 001 001-003-002-002-005-008-008-007-008-010-014-014-012-010-010-005
DST6504*28       000-009-005 001 004 006 006 005 004 005 007 006 004 003 003 002 002 003 001 001 001 001 001 003 002 002
DST6504*29       000 002 004 006 008 007 005 006 007 008 010 009 008 006 004 002 003 007 010 009 008 009 010 012 014 007
DST6504*30       000 015 012 013 012 009 003 001 001 000 002 002 002 001 000 000-003-003-001 002 003-001-001-002 001 003
DST6505*01       000 005 006 008 009 007 006 006 006 005 002 006 008 007 007 009 009 008 009 010 008 006 007 006 005 007
DST6505*02       000 006 008 009 012 011 010 010 011 011 012 012 011 010 009 009 008 006 006 006 006 005 005 004 005 008
DST6505*03       000 004 005 007 007 008 006 005 005 004 007 009 007 003 001 002 008 010 010 011 010 009 010 008 009 007
DST6505*04       000 009 007 009 011 013 013 014 013 013 013 012 010 011 013 013 013 013 013 017 022 021 019 018 026 014
DST6505*05       000 017 004-014-015-019-026-040-035-027-028-024-018-013-011-013-012-015-018-015-010-013-016-015-017-016
DST6505*06       000-018-019-016-013-011-010-009-007-003 000 000 002 000 000-002-004-006-004 001 000-003-003-003-006-006
DST6505*07       000-004-001-005-002-001 000 002 003 003 002 003-001-003-003-002-003-005-005-003-001-002-003-005-004-002
DST6505*08       000-003 000 002 002 001 001 001 004 005 003-001-005-001 004 005 004 007 007 008 007-002-013-028-035-001
DST6505*09       000-031-027-025-023-022-021-018-013-010-009-011-012-011-009-009-011-010-011-009-008-009-014-015-017-015
DST6505*10       000-015-015-016-018-018-019-016-015-010-010-010-010-010-011-011-010-010-009-006-007-007-008-008-008-012
DST6505*11       000-007-007-007-006-006-005-004-002-001 001 002 003 004 000-003-004-003-004-003-002-003-003-001-001-003
DST6505*12       000 000 003-001-001-003-002-003-004-004-002-002 001-002-003-003 000 002 003 003 003 001 000-001 001-001
DST6505*13       000 001 002 002 002 003 005 005 004 005 005 002 001 004 003 008 009 008 005 003 002 002 001 003 002 004
DST6505*14       000 002 004 005 005 008 008 006 008 008 009 011 013 013 011 012 012 014 014 017 018 014 013 014 014 011
DST6505*15       000 013 018 020 021 021 020 020 019 019 018 020 020 018 015 015 014 015 017 018 021 018 013 014 017 018
DST6505*16       000 025 033 032 037 032 027 014-002-008 001 000 001 004-007-013-010-009-010-008-009-007-009-008-008 004
DST6505*17       000-005-006-008-007-008-009-007-004-005-002 002 004 003 000-004-005-002 001 005 004 005 003 003 004-002
DST6505*18       000 004 005 005 005 007 007 008 008 004 004 004 002 004 007 009 010 010 010 008 007 009 008 008 007 007
DST6505*19       000 005 003 002 002 004 006 008 008 005 005 003 002 001 002 002 004 005 007 009 010 013 014 014 013 006
DST6505*20       000 013 011 012 013 012 013 013 013 012 010 010 013 016 017 017 017 017 019 019 020 025 024 023 026 016
DST6505*21       000 023 019 018 019 020 019 021 018 014 013 010 010 007 006 003 004 003 007 006 005 003 002 004 003 011
DST6505*22       000 002 001 000-002-002 000-001-002-003-003-004-005-004 000 004 008 009 016 015 013 012 012 010 010 004
DST6505*23       000 009 007 007 007 010 009 006 003 002 001 000-001-003-003-006-007-006-002 004 010 011 008 008 008 003
DST6505*24       000 009 012 012 012 016 013 007 004 004 003 004 005 007 007 007 006 010 009 007 006 003 000 001 006 007
DST6505*25       000 012 014 015 017 018 016 016 015 011 009 009 009 009 009 007 008 006 008 012 013 012 008 009 013 011
DST6505*26       000 018 020 021 021 019 020 018 015 014 014 016 016 017 016 014 013 011 013 016 021 024 023 023 025 018
DST6505*27       000 026 023 014 011 012 014 013 011 011 011 011 009 006 004 002 003 005 009 013 015 015 014 014 016 012
DST6505*28       000 022 024 024 023 018 017 013 013 013 011 009 008 008 010 010 008 005 008 010 008 012 013 015 016 013
DST6505*29       000 018 019 019 021 019 017 014 013 014 014 015 011 010 010 010 009 007 011 015 019 019 018 017 015 015
DST6505*30       000 016 017 019 016 017 019 017 018 017 018 015 015 016 016 019 019 016 017 022 023 025 025 023 022 019
DST6505*31       000 021 017 016 017 018 018 017 015 016 015 014 015 019 019 020 019 019 022 022 023 021 019 018 018 018
DST6506*01       000 018 021 023 021 022 022 023 021 019 020 018 017 018 016 016 014 016 021 027 029 024 017 017 017 020
DST6506*02       000 017 020 021 021 020 022 019 017 016 015 013 013 012 013 014 011 011 015 011 008 007 006 010 011 014
DST6506*03       000 011 013 013 012 010 010 008 006 003 003 005 009 013 018 021 020 017 015 020 020 017 007 000 001 011
DST6506*04       000 005 009 013 020 024 024 017 012 009 003 000-002 002 002-001-003-002-002 003 001-002-007-005-003 005
DST6506*05       000-002-003-009-012-007-001-004-004-003-001-001-004-003-001 001-001-002-001 001 002 005 007 010 010-001
DST6506*06       000 009 009 009 009 009 006 004 003 001 000-004-005-003 001 001 001-001-003-003-001 001 001 002 005 002
DST6506*07       000 002 000-002 000 000-001 000 000-001 002 002 000-002-003-002-003-005-005-003 001 002 002 003 005 000
DST6506*08       000 005 006 006 007 006 005 008 009 005 007 010 012 015 015 013 014 014 015 011 008 008-002-009-012 007
DST6506*09       000-012-008-007-007-001 000-012-020-024-027-028-028-023-022-019-018-015-007-006-010-013-012-011-008-014
DST6506*10       000-002 001-001-004-002 001 003 004 004 005 005 004 001 001 000 000-001 001 000 001-001-003-002 002 001
DST6506*11       000 003 005 006 007 003 001 002 003 005 005 007 009 011 015 018 015 018 016 018 022 020 014 009 010 010
DST6506*12       000 013 015 014 015 013 012 011 009 008 011 012 012 012 010 009 010 009 010 011 011 011 011 013 017 012
DST6506*13       000 016 012 012 015 014 012 013 014 015 015 021 020 021 022 021 019 019 019 016 018 020 024 027 027 018
DST6506*14       000 025 023 023 021 020 015 016 018 020 016 014 015 015 018 022 022 023 027 025 017 009 002 001 007 017
DST6506*15       000 012 010 008 008 012 013 014 013 010 009 012 024 020 023 006-004-008-011-015-016-015-012-001 004 005
DST6506*16       000 002 011 015 009 000-013-023-030-029-036-049-051-054-056-049-064-067-057-061-072-081-084-078-078-041
DST6506*17       000-070-067-064-056-057-051-053-056-055-055-054-050-047-041-035-032-032-035-034-032-025-023-027-032-045
DST6506*18       000-038-028-026-028-028-029-032-030-029-023-020-026-025-022-022-021-021-018-011-011-004-008-014-019-022
DST6506*19       000-019-019-016-013-012-011-011-009-010-013-012-010-006-004-005-006-009-010-007-006-004-004-002-005-009
DST6506*20       000-007-009-010-008-007-008-007-006-006-006-007-007-004-002-001-002-003-008-008-009-006-008-010-012-007
DST6506*21       000-010-007-004-005-005-003-003-003-004-005-005-003-001 001 002 002 002 002 003 004 005 005 004 002-001
DST6506*22       000 000 001 001 000 001 002 004 002 001-003-006-006-006-005-005-005-006-005-004-003 000 001 003 006-001
DST6506*23       000 003 002 003 005 008 007 005 004 004 002 000-001 000 001 000 001 004 005 006 005 003 002 003 003 003
DST6506*24       000 006 007 010 010 009 008 006 006 007 008 007 005 004 004 004 006 014 016 018 016 011 014 016 014 009
DST6506*25       000 012 009 009 011 012 013 016 016 015 016 020 015 014 019 021 011-001-002-007-009-004 001 006 010 009
DST6506*26       000 004 000 002-001-001 001 001-005-004-004-004-006-001 001 001 001 000 001 001 000 004 005 003 003 000
DST6506*27       000 000 001 000 001 001-001-006-009-011-010-007-006-002 000 003 002 001 001 001 000-002-002 003 006-002
DST6506*28       000 005 003 001 000 003 004 001-001-001-001 001 002 004 006 006 009 007 006 004 002 000-001-001 005 003
DST6506*29       000 013 018 023 026 017 022 006-001 006 008 002 005 009 010 011 011 009 009 004 004 006 001-002-001 009
DST6506*30       000 000 001 002 003 002-005-005-004-003-009-005-002-005-006-001-003-002 001 002-003-009-008-008-010-003
DST6507*01       000-010-009-006-002 002 003-002-011-013-013-008-005-004-005-007-006-005-004-005-006-006-009-005-004-006
DST6507*02       000-001-002-004-004-004-007-008-006-003-002-002-004-010-009-005-003-001-001-003-003-001-003-005-008-004
DST6507*03       000-006-006-005-004-004-004-003 001 002 002 002 002 003 007 009 009 008 009 009 003 000 000-001-003 001
DST6507*04       000-004-006-005 000 003 004 001 000 002 001 001 001 002 004 006 008 008 009 009 006 010 009 008 008 004
DST6507*05       000 008 009 008 011 012 014 012 011 011 011 011 010 010 009 008 006 004 006 010 014 016 018 020 020 011
DST6507*06       000 015 011 006 002 002 009 015 019 010-004-017-026-017-014-015-019-024-023-023-025-022-019-016-014-008
DST6507*07       000-013-019-023-021-012-011-013-014-012-012-012-012-007-004-002-004-006-006-006-009-006-003 003 004-009
DST6507*08       000 002 000-007-006-006-004 003 008 009 005 006 005 008 017 013 014 016 008-002-004-004-002 000-006 003
DST6507*09       000-014-017-016-015-010-008-006-009-008-004-006-005-004-003-003-007-007-007-004 000 007 013 019 020-004
DST6507*10       000 014 011 005-015-026-020-015-017-013-011-011-014-013-010-012-015-015-013-012-012-010-007-005-005-010
DST6507*11       000-007-008-009-008-009-010-012-010-008-007-005-003-003-003-006-007-004-003-003-002-003-008-009-007-006
DST6507*12       000-002 000 002 001 001 002 002 003 004 005 006 003 000-001-001-001 013 017 022 022 017 015 020 016 007
DST6507*13       000 017 020 019 017 016 014 012 009 005 006 013 011 010 009 010 007 003 000 001 003 008 013 013 010 010
DST6507*14       000 005 006 004-002-001 004 004 003 003 005 008 009 008 008 008 006 003 006 007 009 010 010 010 007 006
DST6507*15       000 006 008 007 007 007 010 005 000-001-001 001-003-009-013-010-007-006-005-003-004-005-007-009-014-002
DST6507*16       000-016-012-010-009-008-007-004-002 000 001-001-001-003-003-003-002-003-003-002-001 000 000-001-002-004
DST6507*17       000 000 001 002 003 003 004 005 005 006 006 005 008 007 008 011 012 010 009 013 014 015 015 014 013 008
DST6507*18       000 011 011 011 012 011 013 012 012 011 010 009 008 008 008 009 023 040 044 037 037 039 035 035 032 020
DST6507*19       000 029 025 014 014 013 017 016 001-018-027-028-030-031-023-020-018-021-019-017-015-012-012-010-007-007
DST6507*20       000-004-002-001 001 002 003 002 001 000-003-001 000 000 002 002 000-001-004-007-010-010-009-006-003-002
DST6507*21       000-005-006-005-005-005-004-003 001 004 006 007 005 002 002 001 002 003 005 008 007 008 010 010 009 002
DST6507*22       000 009 007 006 005 006 006 007 012 014 013 010 008 006 008 011 013 013 014 016 016 022 024 016 012 011
DST6507*23       000 015 016 015 013 010 010 003 002 006 008 010 012 014 013 005 002 003 002 002-003-005-002 006 011 007
DST6507*24       000 012 010 005 005 002 007 009 009 004 003 005 007 005 003 002 002 002 000-002 000 006 010 011 010 005
DST6507*25       000 006 002-004-006-004-002 000-001 002 005 008 008 007 009 008 006 006 008 006 006 008 009 009 008 004
DST6507*26       000 008 009 012 010 006 007 006 006 010 011 009 005 002 004 004 004 004 006 006 006 009 010 007 006 007
DST6507*27       000 007 012 018 016 013 013 021 026 024 025 026 023 017 016 020 017 013 011 008 006 005 007 006 001 015
DST6507*28       000-001 002 005 008 006-006-018-017-014-014-011-010-008-003-001-003-004-005-009-011-012-014-015-014-007
DST6507*29       000-015-009-004-006-002-005 001 002 003 001-003-002-002-005-008-008-007-007-011-017-012-011-010-008-006
DST6507*30       000-007-001 001-004-005-004-004-004-003-002-003-005-006-005-004-005-006-007-002-001 001-001 000 001-003
DST6507*31       000 004 008 010 008 004 003 003 002 003 004 004 005 006 004 003 003 003 001 000-004-005-007-007-008 002
DST6508*01       000-008-001 003 003 003 004 008 008 007 006 007 005 006 008 009 010 011 012 013 013 011 009 011 011 007
DST6508*02       000 013 015 018 020 020 024 020 021 011-003-010-004 000 001 001-005-012-016-017-017-014-011-011-012 001
DST6508*03       000-011-008-008-010-010-005 000 000 002 003 004-001-004-007-005-004-007-010-011-011-008-003 003 004-004
DST6508*04       000 001-003-004-005-002 002 005 006 004 004 006 006 004 004 006 001-002-001 002 002 004 006 008 006 003
DST6508*05       000 006 007 007 007 010 012 014 011 011 010 007 006 001 003 004 007 005 005 005 005 004 000 002 002 006
DST6508*06       000 002 002 001 001 002 002 002 002 003 005 005 005 002 001 001 001 002 002 003 003 003 002 008 011 003
DST6508*07       000 014 017 022 021 019 016 019 020 027 029 029 025 022 020 017 012 012 009 009 008 007 009 013 016 017
DST6508*08       000 016 014 015 015 016 019 016 010 008 007 010 013 011 012 013 012 013 008 004 000 004 002 003 005 010
DST6508*09       000 007 010 016 017 014 012 013 014 015 014 013 009 005 000-003-001 000-002-003-003-002-004-001 001 006
DST6508*10       000 000 001 005 005 002 008 010 009 008 007 001-003-002-002 001 004 005 005 006 006 007 008 004 001 004
DST6508*11       000 004 004-001-004 001 005 007 008 005 006 009 009 010 011 011 009 010 010 008 005 006 002-004-008 005
DST6508*12       000-005-002 003 001 002 004 006 006 005 005 006 008 010 009 007 007 007 008 006 002 000-002-006-003 004
DST6508*13       000 001 003 007 008 008 007 006 006 006 005 008 012 017 019 019 017 017 017 015 016 019 017 018 013 012
DST6508*14       000 008 005-001-002-003-003-004-003-001-003-006-007-006-008-004-001 002 003-001-002-004-003-005-007-002
DST6508*15       000-005 000 003 005 004 007 009 005-001-005-006-002 000 000-001-002-002-001-005-005 004 010 009 013 001
DST6508*16       000 015 014 014 015 013 013 013 018 016 021 022 027 028 030 024 026 028 025 022 019 018 013 013 010 019
DST6508*17       000 009 016 020 014 007 001 003-003-006-004-004-007-009-006-004-003-003-004-006-001 001-002-006-012 000
DST6508*18       000-014-009-001 003 003 004 004 004 003 005 006 006 007 014 026 040 040 037 033-006-022-023-016-008 006
DST6508*19       000-011-015-011-006-007-017-023-027-023-014-010-005-004-007-011-009-012-018-017-018-019-014-009-010-013
DST6508*20       000-011-011-009-007-004-005-004-006-004-006-010-007-005 000 001 001 002-005-010-010-014-014-014-009-007
DST6508*21       000-009-008-008-011-008-010-011-017-017-015-010-011-008-012-013-010-012-014-013-011-009-007-008-009-011
DST6508*22       000-006-002 002 004 002-002-004-003-008-011-007-004-002-002-003-005-006-006-010-012-012-010-013-018-006
DST6508*23       000-019-010-003-003-005-006-004-001-002-004-004-003-003 004 011 018 010 006 004 003 007-008-010-005-001
DST6508*24       000-008-001 002-001-007-007-007-005-005-008-006-006-006-008-007-006-004-003-002-004-008-015-018-021-007
DST6508*25       000-016-014-004 001 000-006-007-007-008-002 001 000-001-002-006-010-007-010-010-010-008-007-006-004-006
DST6508*26       000-003 000 009 011 006 002 004 002 000 001 001 003 006 009 007 003 003 004 002 000 001 001 004 003 003
DST6508*27       000 001 003 008 010 007 005 005 006 004 003 006 007 007 008 007 005 006 004 000-003-003-003-003-003 004
DST6508*28       000-002 000 007 006 006 007 007 007 007 007 008 008 007 007 005 004 005 005 006 006 008 009 008 006 006
DST6508*29       000 005 007 011 012 009 008 006 008 008 010 015 017 015 015 015 013 014 014 010 012 009 013 015 013 011
DST6508*30       000 006 002 001 004 008 009 005 000-004 002 009 013 012 008 007 006 012 014 014 007 003 000-002-002 006
DST6508*31       000 003 002 001 001-001 002 009 009-004-010-011-005-001-004-002-002 004 006 004 002 000-002 002 002 000
DST6509*01       000-001-001 000 002 003 000 002 004 006 010 012 012 011 012 012 010 009 006 004 003 006 008 007 002 006
DST6509*02       000-005-004-003-001 001 004 007 007 007 006 006 005 002-002-003-003 001 002 001 000-002 000-002-003 001
DST6509*03       000-001 001 003 005 007 010 011 008 008 009 010 010 012 013 012 010 009 010 008 007 008 011 013 005 008
DST6509*04       000 003-001 000 006 008 007 012 007 014 018 018 010 002 002 002 002 003 002-014-014-010-010-007-009 002
DST6509*05       000-007-004-001 002-001 000 000 005 008 008 008 004 003 005 005 005 006 007 006 001-002 000 003 001 003
DST6509*06       000 000-004-004 004 009 006 006 009 008 008 011 012 009 009 010 006 002 001 002 004 006 006 004 001 005
DST6509*07       000-001 000 003 005 004 005 010 010 007 009 012 013 013 014 012 010 006 005 006 008 009 007 003 000 007
DST6509*08       000 004 003 004 006 006 006 007 006 006 006 004 004 006 008 009 006 006 004 004 003 004 005 004 000 005
DST6509*09       000 002 004 005 007 006 006 007 006 006 007 007 004 005 006 006 006 004 003 002 004 004 003 001 002 005
DST6509*10       000 006 006 007 008 007 006 007 009 009 007 009 010 008 007 006 004 004 005 006 006 009 011 013 013 008
DST6509*11       000 015 015 015 017 017 016 017 016 013 017 019 020 023 023 022 019 018 021 023 027 034 030 025 018 020
DST6509*12       000 010 006-002-002 002 005 006 006 008 009 011 012 012 009 010 010 012 007 010 018 022 021 018 006 009
DST6509*13       000-008-012-008-002 001 001 000 000 001 003 002 004 007 004 005 006 009 011 014 016 016 013 010 008 004
DST6509*14       000 006 004 002 004 003 003 003 004 005 006 007 006 005 001 000 002 005 009 008 004-001-002-003 000 003
DST6509*15       000 001-003-006-002 000-003-007-010-013-010-006-002-001-002-006-002-011-023-027-019-016-021-033-044-011
DST6509*16       000-051-056-052-038-031-014-005-023-046-042-032-018-013-012-017-026-021-021-026-022-016-021-023-020-027
DST6509*17       000-020-018-017-014-012-015-017-023-021-016-015-010-006-006-011-018-016-011-009-010-012-013-017-021-015
DST6509*18       000-022-021-019-020-021-025-021-015-011-012-010-008-006-010-019-026-023-022-024-024-018-014-016-016-018
DST6509*19       000-011-013-014-017-012-008-016-020-011-003 001-001-009-017-018-018-018-021-018-013-011-007-005-006-012
DST6509*20       000-009-011-012-014-015-013-012-007-003-002-004-004-003-003-005-005-005-005-007-007-006-002-002-005-007
DST6509*21       000-010-011-008-005-003-001-002-002 000 001 000-002-003-001-002-005-005-005-004-001 004 005 005 002-002
DST6509*22       000 001-001-001-001-002-004-006-005 001 004 007 009 010 009 012 014 016 020 023 019 020 019 021 026 009
DST6509*23       000 026 024 023 023 023 022 018 018 019 023 018 016 014 008 002-004-007-006-006-005 000 003 003 002 011
DST6509*24       000 005 006 007 003 000-001 001 000-003-004-002 000 003 005 003 004 007 005 002-001 000 007 008 004 002
DST6509*25       000 001-001-006-014-019-024-018-014-012-011-008-006-004-007-011-013-010-007-003-003-003-002 000-002-008
DST6509*26       000 002 001-004-004-008-012-014-017-019-016-010-013-012-011-012-013-010-008-005-002-001 006 004-006-008
DST6509*27       000-015-014-009-007-005-004-003 002 007 011 012 010 010 006 005 008 008-006-015-029-041-050-057-061-010
DST6509*28       000-053-056-059-059-053-052-045-042-044-044-048-046-036-026-022-018-012-011-015-016-016-013-010-011-034
DST6509*29       000-012-012-013-012-014-014-014-019-014-011-012-012-014-015-018-020-015-014-012-012-014-014-014-011-014
DST6509*30       000-012-012-015-017-013-009-009-009-010-010-011-012-011-009-009-010-009-009-007-005-003-001 000-002-009
DST6510*01       000-003-004-004-003 000 002 004 005 006 004 004 006 007 006 006 006 008 008 009 010 011 013 011 012 005
DST6510*02       000 006-007-006-002-002-004-004 004 006 007 007 001-007-008-012-011-007-004-004-015-018-021-017-011-005
DST6510*03       000-007-006-007-009-008-007-005-006-008-005-001 002 002 002-001-003-003-004-003-001 000-003-006-006-004
DST6510*04       000-008-010-009-007-005-003-001-001 000 001 002 000-002-001 001 002 002 004 006 005 003 003 002 002-001
DST6510*05       000 002 004 010 020 022 023 015 019 020 021 020 023 022 014 008 010 012 013 016 018 017 011 008 007 015
DST6510*06       000 006 004 001-002-003-002 001 000-001-002-002-001 000 000 002 001 003 005 005 004 007 010 010 009 002
DST6510*07       000 009 007 004 003 003 006 008 013 013 032 030 029 028 029 028 021 017 015 018 019 021 021 024 019 017
DST6510*08       000 015 010 016 031 032 030 030 020 011 011 014 010 010 011 020 020 020 022 018 009 001-002 002 004 015
DST6510*09       000 004-002-006-005-003 000 000 000 001 003 005 005 005 006 004 004 005 006 007 006 005 009 011 012 003
DST6510*10       000 011 009 006 004 002 001 003 005 009 013 011 010 009 010 009 009 011 011 010 008 006 009 014 015 009
DST6510*11       000 015 009 004 003 002 004 007 010 009 008 007 008 008 008 006 006 006 009 009 009 015 018 017 015 009
DST6510*12       000 008 003 002 002 002 003 004 005 007 006 007 007 005 005 006 006 008 010 011 007 009 012 011 013 007
DST6510*13       000 012 011 009 005 001-001 002 004 004 003 002 001 005 008 009 011 011 012 004-003-005 002 007 008 005
DST6510*14       000 008 003-004-008-005-005-003-001 001 002-001 002 001 002 003 003 004 002 001 002 003 006 007 003 001
DST6510*15       000 002 001 000 000-001-002 000 001 001 001 001 003 006 006 007 007 007 007 004 004 005 006 006 007 003
DST6510*16       000 005 006 006 010 010 009 009 011 009 010 010 011 012 012 012 010 009 008 006 007 008 010 014 016 010
DST6510*17       000 015 014 012 010 009 008 010 010 009 009 011 016 015 017 018 018 018 016 016 016 018 021 021 024 015
DST6510*18       000 025 020 018 019 021 017 010 010 010 010 012 010 010 011 009 006 006 008 007 007 009 013 016 016 013
DST6510*19       000 015 013 011 012 010 011 011 013 014 014 010 011 010 007 007 003 003 006 009 009 012 014 015 015 011
DST6510*20       000 016 014 012 010 008 009 012 015 013 013 015 015 015 016 018 018 017 015 014 014 013 017 019 018 014
DST6510*21       000 019 019 017 015 013 011 009 008 010 010 009 010 011 012 011 010 011 011 010 011 011 012 012 012 012
DST6510*22       000 012 018 024 022 025 029 030 027 020 020 018 018 025 027 029 021 015 013-008-002 005 003 002-001 016
DST6510*23       000-001-001-002-004-008-006-015-019-015-011 001 000-014-013-005 000 001-004-005-008-011-016-015-013-008
DST6510*24       000-015-018-019-017-018-014-008-009-009-012-012-008-005-002-001 000-003 002 002 001-001 000 001-003-007
DST6510*25       000-011-015-017-018-017-015-017-017-017-016-015-014-013-009-009-011-013-005-002-002-002-005-006-004-011
DST6510*26       000-002-003-004 000 001 003 004 005 001 000 002 001 001 004 004 004 006 009 010 008 004 004 005 007 003
DST6510*27       000 009 009 009 010 011 012 012 014 013 008 009 008 005 003 010 012 013 012 014 015 015 012 010 013 011
DST6510*28       000 005 002-006-002 004 010 014 013 010 006 000-005-004-001 001 001-002-003-004-002-005-006-005-004 001
DST6510*29       000-005-005-006-007-006-004-001 000-001 000 000 002 004 004 006 007 007 008 010 011 011 005 002 003 002
DST6510*30       000 004 006 004 000-004-008-010-006-007-003-004-004-007-005-002 001 001 003 005 005 007 007 007 006 000
DST6510*31       000 005 001-002-001 000 002 003 006 010 011 011 011 010 010 010 007 003 001-003-006-010-011-009-007 002
DST6511*01       000-004-003-006-005-003-001 003 005 005 006 005 007 006 007 006 006 003 002 002 002 000 001 000-002 002
DST6511*02       000 001-003-004-003 001 001 003 006 007 009 010 009 009 006 000-005-004-003-004-005-005-003 001 003 001
DST6511*03       000 004 003 000 001 000 000-001-001-001 000-001 001 004 005 004 004 001 001 001 001 002 003 002 003 002
DST6511*04       000 005 020 021 021 027 031 029 028 028 028 034 029 007 004 012 015 010 010 009 012 010 010 011 012 018
DST6511*05       000 014 013 020 025 021 012 009 008 007 011 018 024 021 011 004 006 009 009 008 004-008-017-023-025 008
DST6511*06       000-027-030-035-038-036-028-022-018-022-022-016-003 000-004-001-003-006-006-004-007-010-016-017-016-016
DST6511*07       000-021-026-021-014-011-012-014-015-016-017-008-007-006-004-002-003-004-006-007-008-009-007-004-001-010
DST6511*08       000-001-004-006-005 000 001 002 004 005 007 009 010 009 008 006 004 003 007 007 008 007 009 010 006 004
DST6511*09       000 003 001 002 004 005 005 004 002 003 002 002 006 007 009 007 006 005 003 003 003 004 001 000-001 004
DST6511*10       000 002 005 005 006 008 007 008 010 012 013 012 011 010 009 011 013 012 012 013 014 014 012 010 010 010
DST6511*11       000 009 008 009 011 014 016 017 016 015 011 012 015 016 014 012 012 011 014 015 013 012 009 012 014 013
DST6511*12       000 012 009 009 011 013 014 014 014 016 016 014 017 020 019 017 021 024 028 033 033 031 031 027 023 019
DST6511*13       000 018 014 009 007 004 004 005 006 005 003 004 003 004 005 006 009 012 014 009 006 003-004-003-004 006
DST6511*14       000-001-003-001 002 009 011 009 011 011 010 010 010 011 009 008 006 006 003 001 001 001 002 003 003 006
DST6511*15       000 001 003 002 004 005 007 007 006 007 004 005 007 011 010 010 011 010 008 004 003 001 002 004 006 006
DST6511*16       000 006 005 007 006 005 006 005 005 005 004 007 007 007 008 008 010 010 011 010 009 007 007 005 006 007
DST6511*17       000 005 004 005 006 009 013 012 007 009 009 008 008 009 010 010 014 014 011 010 012 014 013 015 014 010
DST6511*18       000 012 005 005 007 018 026 027 026 026 024 021 017 015 015 013 014 015 013 013 011 009 010 014 015 015
DST6511*19       000 015 013 014 014 005 001-001-004-004-004-013-011-003-002-006-008-007-005-003-003-004-004-003-003-001
DST6511*20       000-003-009-014-014-015-017-022-018-022-027-027-023-008-011-011-008-008-009-011-009-014-019-024-024-015
DST6511*21       000-027-032-031-030-028-027-021-017-013-009-008-004-005-005-006-002 002 003 001-001-003-002-002 000-011
DST6511*22       000-002-008-008-005-003-005-007-007-007-005-004-001 001-001-001 000 001 000 001 002 001 000 000 000-002
DST6511*23       000-001 001-001 000 000 000-001-001 000 000 001 003 002 004 004 006 005 006 006 006 006 008 013 011 003
DST6511*24       000 003 000 001 010 013 014 012 012 015 013 015 017 016 012 014 015 016 013 009 005 004 002 002 001 010
DST6511*25       000-001-003-002 002 007 010 009 009 009 010 010 013 014 014 013 013 013 015 016 014 007 005 004 004 009
DST6511*26       000 005 006 005 009 014 011 007 007 006 004 008 010 010 007 005 003 007 005 003 003 004 005 003 007 006
DST6511*27       000 005 001 002 006 007 004-001-001 001 003 005 008 010 008 008 011 013 011 008 008 010 012 010 006 006
DST6511*28       000 009 007 004 007 008 009 011 011 012 011 010 010 008 006 007 006 007 007 009 011 014 019 019 019 010
DST6511*29       000 017 014 012 010 011 015 017 017 020 018 018 020 018 013 011 010 008 008 006 007 006 003 004 004 012
DST6511*30       000 002 002 004 007 013 019 018 026 028 031 032 026 014 002 001 007 011 007-008-005-007-013-011-009 008
DST6512*01       000-007-009-012-012-008-005-008-010-006-003 004 013 015-002-007-013-014-009-010-017-017-016-019-014-008
DST6512*02       000-011-015-020-018-012-010-012-011-008-006-009-007-005-004-005-005-004-004-002-002-005-003-002-002-008
DST6512*03       000-003-005-007-008-009-011-011-008-005-003-001 003 004 002 002 002 004 005 005 005 003 002 006 007-001
DST6512*04       000 005 001-003-002 002 004 004 006 009 012 020 018 016 022 021 006 000-002-007-009-011-008-007-006 004
DST6512*05       000-005-007-007-004-003-001-002-001 000 000 001 005 004 003 006 011 010 010 008 008 007 008 009 009 003
DST6512*06       000 008 007 007 005 004 004 004 003 006 009 010 009 008 006 006 009 010 010 007 006 009 011 013 014 008
DST6512*07       000 016 011 009 011 012 010 006 001 003 001 003 008 010 009 007 008 008 006 004 002 002 004 006 007 007
DST6512*08       000 009 006 003 003 006 009 009 012 014 014 014 018 020 020 024 024 020 025 025 015 019 025 028 024 016
DST6512*09       000 015 014 015 017 019 017 012 006 002 001 001 004 006 003 003 008 012 011 007 006 004 004 006 006 008
DST6512*10       000 009 009 010 010 011 010 010 012 011 009 008 009 008 011 015 013 015 003-012-009-004-003-006-003 006
DST6512*11       000 001 001-002-001-003-001-003-004-003-002-005-005-004 000 002 002 002 000 006 002 000-003-005-006-001
DST6512*12       000-008-010-008-003-003 001 004 004 003 001 002 004 006 003 004 001 000-001-003-006-004-006-006-004-001
DST6512*13       000-004-007-007-005-005-008-009-006-006-004-004-004-003-003-002 001 003 004 003-001-003-003-001-002-003
DST6512*14       000-004-001 002 003 006 007 008 008 007 005 005 005 004 003 006 009 008 006 003 002-001-002-003-003 003
DST6512*15       000-002-002 001 005 006 008 010 010 009 009 008 010 011 011 013 015 015 014 012 011 012 013 012 010 009
DST6512*16       000 008 008 008 009 012 013 013 013 013 014 018 019 020 025 024 022 021 021 021 020 021 022 020 021 017
DST6512*17       000 021 022 021 018 015 013 011 012 015 018 020 019 017 013 010 011 014 015 015 015 018 019 019 018 016
DST6512*18       000 020 020 016 016 015 013 017 022 027 027 020 017 017 018 018 021 006-012-025-028-021-014-010-013 008
DST6512*19       000-023-024-021-019-019-020-024-024-022-023-019-016-015-015-013-011-008-006-010-015-019-016-011-006-017
DST6512*20       000-007-006-006-005-004-005-005-005-005-004-004-003-003-001 002 005 005 004 002-002-003-001 003 008-002
DST6512*21       000 012 012 009 003 000-001-002-003-002-002-002-002-002 000 001-001 000 004 007 008 010 012 017 022 004
DST6512*22       000 026 027 026 027 029 017 014 021 022 019 010 011 005 000 000 004 005 003 001 001 001 001 003 000 011
DST6512*23       000 000 002 004 005 005 004 000-003-007-006-004-001 000 003 004 001 000 003 003 003 003 004 005 007 001
DST6512*24       000 010 012 013 012 009 007 005 005 006 004 004 007 007 010 018 018 012 012 012 033 039 029 013-004 012
DST6512*25       000 002 001-004-003-006-009-010-009-013-009-008-009-010-010-007-001 002 005 009 006 006 012 015 016-001
DST6512*26       000 019 019 015 018 016 014 001-007-013-015-010-010-017-017-015-012-012-013-009-007-006-005-003-005-003
DST6512*27       000-003 000 004 005 002-003-003-003-003-003-002-005-011-007 000 000 000-002-005-010-010-007-005-006-003
DST6512*28       000-006-006-005-001-001-002-003-007-004-005-013-018-014-010-003-004-012-013-011-014-016-013-008-008-008
DST6512*29       000-009-009-008-008-007-007-008-008-008-005-005-007-006-001 002 002-004-006-003 000 002 001 000-001-004
DST6512*30       000-002 000 000 001 004 007 008 010 007 005 001-002-007-010-007-006-006-008-004-003-001 000 003 002 000
DST6512*31       000 001 002 002 002 004 003 001 001 000 003 003 002 000-002 000 003 002 001 000-001-001 001 003 004 001
