DST6301*01       000-006-005-005-003-003-006-008-009-006-002-002-005-006-008-006-011-017-016-012-013-012-015-017-012-009
DST6301*02       000-010-009-007-005-005-004-003 000 002 002 004 003 003 005 008 009 005 004 005 008 010 008 004 005 002
DST6301*03       000 006 008 008 010 011 011 010 008 006 009 005 003 004 003 004 003 005 010 011 012 011 010 008 008 008
DST6301*04       000 006 006 006 007 012 015 014 013 016 019 024 026 024 013 006-004-015-019-018-017-016-012-010-009 004
DST6301*05       000-006-005-005-006-006-004-005-007-006-003-002-006-007-010-008-007-011-011-009-005-003-004-001 004-006
DST6301*06       000 005 003 002 003 005 004 003 004 006 007 008 007 006 006 007 007 008 008 009 009 010 012 011 011 007
DST6301*07       000 008 005 005 005 007 010 015 019 019 015 011 006 005 005 000-002-013-016-012-007-006-004-004-004 003
DST6301*08       000-004-005-005-004-003-004-005-005-005-006-005-004-005-006-004-002-001-002-002-003 000 006 009 010-002
DST6301*09       000 008 006 006 005 007 010 013 012 011 010 010 010 008 005 005 005 006 006 006 008 008 009 012 010 008
DST6301*10       000 010 011 008 005 006 008 008 010 011 008 004 004 001-001-003-004-003-003-001 001 002 003 002 003 004
DST6301*11       000 006 007 009 012 013 014 017 022 025 024 025 027 029 030 021 015 009 007-005-009-007-001 001 002 012
DST6301*12       000 006 007 007 005 005 004 003 002 000-005-008-007-005-004-002 001 005 005 008 008 013 024 025 030 005
DST6301*13       000 027 008 010 001 002-001-001 000 004 001-005 005-005-009-010-011-011-016-013-011-014-011-011-005-003
DST6301*14       000-004-004-004 000-008-015-015-012-012-013-021-016-013-015-019-021-025-023-021-027-027-024-015-013-015
DST6301*15       000-013-013-013-014-016-018-027-022-025-023-022-018-016-021-024-023-022-018-015-017-018-019-017-013-019
DST6301*16       000-015-019-018-014-011-008-014-021-020-022-020-014-012-020-025-029-029-023-017-015-029-027-024-016-019
DST6301*17       000-016-017-015-015-017-017-021-019-014-012-013-012-017-019-019-015-013-019-019-020-021-020-019-016-017
DST6301*18       000-014-015-014-013-016-018-017-017-014-011-009-008-008-013-013-010-014-011-010-013-015-015-022-025-014
DST6301*19       000-025-025-022-021-022-018-020-018-017-012-010-011-014-017-021-024-024-019-021-024-026-024-023-026-020
DST6301*20       000-024-020-017-015-015-014-016-018-021-019-013-009-011-015-014-011-008-007-009-013-019-018-017-017-015
DST6301*21       000-015-015-017-016-012-010-009-008-008-010-010-009-005-003-004-009-007-004 000-002-002 001 003 001-007
DST6301*22       000-007-009-008-006-005-002-002-003-005-002 003 003 002 003 000-003-003-003-005-008-009-007-002-001-003
DST6301*23       000-001 003 006 003 002-003-004-005 002 004 004 000 002 001 001 001 002 004 001-002-004-003 000 000 001
DST6301*24       000-003-004-004-001 001-001-003-003 002 003 003 004 007 010 012 014 017 011 007 002-013-023-022-021 000
DST6301*25       000-024-023-021-019-017-017-015-016-018-015-012-008-006-008-010-015-015-013-014-017-018-015-011-012-015
DST6301*26       000-012-009-006-006-007-005-006-007-005-001-002-003-002-001-004-006-004-005-006-008-007-006-004-002-005
DST6301*27       000-002 000 003 003 003 005 003 002-001 000-001-001 000 003 004 004 004 005 003 003 003 004 002 002 002
DST6301*28       000 005 007 010 009 005 003 001 001 002 003 003 006 009 008 005 004 005 006 007 006 006 007 008 006 006
DST6301*29       000 008 007 009 011 012 013 012 010 010 012 011 012 012 009 011 015 015 015 017 012 001-007-006 006 009
DST6301*30       000 004-006 001-003-006-011-012-008-008-013-015-029-030-030-034-038-042-035-024-015-024-053-057-053-023
DST6301*31       000-059-065-068-065-063-066-069-071-069-071-072-074-073-064-063-068-072-075-075-065-059-052-047-044-065
DST6302*01       000-042-042-041-037-033-029-026-026-028-030-032-039-038-033-037-037-038-039-038-034-038-037-030-026-035
DST6302*02       000-023-023-024-020-018-015-012-011-011-011-013-014-015-017-016-013-012-011-009-009-010-011-014-016-015
DST6302*03       000-018-019-019-017-012-009-008-005-001 004 008 006 002-003-007-010-012-009-006-005-002-002-006-009-007
DST6302*04       000-010-010-008-003 001 002 004 005 008 011 012 013 015 012 009 004 000-006-013-010-007-003-005-005 001
DST6302*05       000-006-005-005-004 000 001-001-003-002 000 001 005 007 000-005-001-008-006-005-007-009-009-008-010-003
DST6302*06       000-010-008-007-006-002-004-006-002 001 005 008 010 009 006 003 000-002 001 002 002 002 003 003 003 000
DST6302*07       000 001 001 003 004 005 004 001-001 001 004 009 010 013 012 011 009 008 007 006 005 002 001 000 000 005
DST6302*08       000-002-004-004-003-001 001-001-002-002 000 002 004 006 007 008 009 010 011 010 008 006 006 008 009 004
DST6302*09       000 010 012 014 015 015 016 015 014 014 017 018 018 023 026 026 024 028 033 027 029 042 033 033-005 021
DST6302*10       000-048-062-055-059-060-058-058-058-047-051-048-046-040-043-042-040-038-038-042-042-038-033-032-028-046
DST6302*11       000-026-024-021-023-024-028-026-026-021-020-022-021-018-016-017-022-019-013-012-014-015-018-019-014-020
DST6302*12       000-012-015-011-015-018-021-022-027-022-015-012-013-012-010-011-012-012-009-009-015-016-015-016-017-015
DST6302*13       000-015-015-017-016-016-019-023-022-020-020-016-015-014-015-015-017-021-020-018-024-022-018-018-021-018
DST6302*14       000-022-021-019-017-017-016-016-020-018-010-005-004-006-008-011-014-012-010-009-006-006-005-006-006-012
DST6302*15       000-008-011-011-011-010-010-008-009-010-009-007-012-013-015-015-013-013-014-013-011-012-012-013-014-011
DST6302*16       000-015-014-013-010-006-007-008-008-004-002-002 001 001 001 000-005-006-006-003-003-002-003-003-002-005
DST6302*17       000-001 003 004 002-001-002-001 000 000 000 002 004 007 006 006 004 003 002 006 008 008 007 006 006 003
DST6302*18       000 009 010 009 010 008 006 007 008 009 008 008 011 013 011 009 005 004 007 009 013 013 013 015 017 010
DST6302*19       000 017 016 016 017 015 016 016 016 017 015 014 012 012 015 014 013 011 011 016 021 025 026 023 024 017
DST6302*20       000 026 025 025 027 025 025 024 014 010 006 009 016 017 017 015 013 014 013 013 011 005-003-009 001 014
DST6302*21       000 004 005 008 004 003 001 001-002-004-005 001 003 001 001 001 000-005-006-005-001 003 004 001 001 001
DST6302*22       000 001 006 005 005 001-002-002-004-006-004 000 004 006 007 006 006 004 002 000 001 001 003 006 006 002
DST6302*23       000 008 012 016 020 018 014 012 007 009 012 013 010 003 005 004 002-003-004-001 001 000 000-001 003 007
DST6302*24       000 010 014 013 009 006 004 004 005 004 004 002 004 004 004 005 008 008 008 008 008 008 010 010 007 007
DST6302*25       000 007 011 012 012 007 004 003 002 004 004 006 011 011 006 005 002 001 004 007 010 008 009 010 010 007
DST6302*26       000 011 015 016 017 016 012 009 008 005 003 000 002 005 002 002 003 001 002 004 007 004 002 001 002 006
DST6302*27       000 005 009 009 011 013 011 011 012 012 012 013 013 013 014 013 013 011 010 008 008 008 007 005 008 010
DST6302*28       000 010 013 014 015 012 010 011 015 015 012 013 014 013 014 009 007 010 012 011 012 013 015 016 003 012
DST6303*01       000-001-005-006-004-002 001-001-013-014-005-002-006-003-007-007-003-004-003-002 001 000-005-005-006-004
DST6303*02       000-003-003-002 000 003 003 004 004 002 002 006 007 004 002 002 001 000 004 009 004 007 008 007 009 003
DST6303*03       000 006 008 008 008 010 004 003 013 012 002 003-002-004 004 003 002 001 008 013 011 007 001 003 006 005
DST6303*04       000 006 007 010 009 010 008 008 008 007 007 008 008 009 008 006 004 002 000 002 005 005 004 003 004 006
DST6303*05       000 005 008 011 010 009 004 002 007 008 006 008 009 009 006 005 004 003 002 004 004 001 001 003 005 006
DST6303*06       000 007 010 008 007 001 001 004 007 008 008 009 009 008 006 007 007 007 002-001-003-006-004-001 000 004
DST6303*07       000 001 001 003 006 004-002 000 004 005 009 009 009 007 006 010 012 015 020 029 023 009 009 005 004 008
DST6303*08       000-005-004-004-004-004 004-002-023-022-015-009-022-018-012-013-019-017-023-016-017-023-016-014-009-013
DST6303*09       000-002-007-009-008-016-014-013-006-003 000 001 001 000-001-001-003-005-005-002-004-006-009-011-007-005
DST6303*10       000-007-008-012-016-017-018-017-017-016-006-012-010-011-025-032-027-027-026-024-023-022-022-023-020-018
DST6303*11       000-018-017-026-023-024-021-020-015-018-020-016-011-012-014-018-019-019-018-019-018-019-016 016-009-016
DST6303*12       000-008-010-012-013-012-011-009-008-010-009-010-011-013-011-014-018-019-019-019-017-016-015-014-012-013
DST6303*13       000-008-006-004-003-004-002 000 000-003-009-010-009-006-009-012-011-011-011-011-012-014-012-012-011-008
DST6303*14       000-007-004-003-002-001-001-001-001-002-004-003-003-002-004-003-002-001-002-005-005-006-006-005-001-003
DST6303*15       000-001-001-001 000-001-003-001-001-004-004-003-001-001-003-004-004-004-005-004-003-002 000 001 001-002
DST6303*16       000 003 002 002 004 004 005 007 006 006 008 008 010 011 011 009 007 007 007 008 009 009 008 007 006 007
DST6303*17       000 007 007 008 007 007 008 011 013 013 010 009 011 010 008 005 003 003-001-003-003-004-007-005-005 005
DST6303*18       000-004-001-001-003 000 003 003 000-005-006-002 004 006 003-001-005-004-003 001 001-003-006-009-005-002
DST6303*19       000-001 003 004 001 000-004-003 002 004 003 000-001-001-004-005 000-002-005-006-011-010-009-005 002-002
DST6303*20       000 006 006 004 003-001 000 003 004 004 004 002 006 009 009 008 010 012 014 015 016 012 003 001 006 007
DST6303*21       000 008 009 008 005 001 000 000 001 002 002 001 002 001-002-004-002-003-004-004-003-001 001 002 003 001
DST6303*22       000 007 008 007 006 004 003 006 009 010 008 008 009 008 009 012 014 016 017 018 019 017 016 017 019 011
DST6303*23       000 022 019 018 016 018 018 023 015 017 020 013 012 011 005 000 000 004 008 013 011 004 002 002 003 011
DST6303*24       000 003 002 002 003 004 003 002 002 003 004 002 000-004 000 003 003 003 002 004 006 006 004 002 005 003
DST6303*25       000 007 006 005 004 003 003 003 003 004 006 009 012 012 009 007 008 008 008 011 011 011 013 013 014 008
DST6303*26       000 012 010 007 007 007 006 005 005 006 005 005 005 006 006 006 006 005 004 005 004 003 008 008 007 006
DST6303*27       000 008 007 007 005 004 003 004 004 004 004 004 005 007 006 005 006 006 005 005 003 008 013 012 013 006
DST6303*28       000 011 010 010 013 016 020 020 018 017 017 019 020 020 018 018 020 018 019 018 016 019 022 021 018 017
DST6303*29       000 018 018 020 018 020 022 023 022 019 012 007 003 003 002 003 005 006 007 008 009 008 010 011 010 012
DST6303*30       000 009 008 007 006 005 005 007 005 004 003 002 006 008 007 006 006 005 004 005 009 012 011 011 012 007
DST6303*31       000 013 015 013 009 008 006 005 002 003 001 004 006 007 006 004 004 006 006 007 011 014 023 025 021 009
DST6304*01       000 013 006 003 005 003-009-016-016-015-013-005 000 003 003 005 003-004-007-007-003 003 008 008 010-001
DST6304*02       000 010 010 007 003 003 003 004 005 005 003 004 006 005 005 002 004 006 005-001-002-002 000 000 002 004
DST6304*03       000 005 006 007 006 004 004 002-002-003 002 009 014 018 017 014 012 008 006 006 008 011 013 015 014 008
DST6304*04       000 015 014 011 011 013 014 024 016 015 017 024 025 026 016 016 008 005 012 005 008 013 020 018 010 015
DST6304*05       000 009-013-016-019-025-018-020-020-018-016-018-014-009-007-013-015-016-014-012-005-004-006-009-010-013
DST6304*06       000-009-009-010-006-004-005-008-011-017-015-013-004 000-002-002-001-005-009-009-008-005-006-006-007-007
DST6304*07       000-005-003-004-007-006-003-006-011-013-014-011-008-005-002-005-009-012-007-004-001 002 001-001-002-006
DST6304*08       000 002 003 002 001-001 000 002 001 000 000-002-001 004 005 005 004 000 000-004 000 003 004 001 000 001
DST6304*09       000 000-001-003-006-007-007-008-006-005-005-006-002 001 002 004 005 002-002-002 000 000-001-003-004-002
DST6304*10       000-002-002-004-005-004-002-002-003-002-001-003-004-003-002-003-002-001 001 001-002 001 003 005 006-001
DST6304*11       000 008 009 006 007 008 008 008 005 002 001-005-002 000 000 001 001 001 002 004 005 006 007 008 007 004
DST6304*12       000 005 012 012 012 014 015 010 012 007 005 000 005 010 011 007 005 005 003 004 002-002-006-005-002 006
DST6304*13       000-001-002-004-003 000 005 005 002-003-005-007-010-009-006-003-008-012-016-024-022-020-022-024-026-009
DST6304*14       000-024-021-018-012-007-002-003-004-006-005-003-003 002 001-007-015-017-006-001-004-005 000-005-010-007
DST6304*15       000-017-020-018-018-018-018-022-026-032-029-024-018-014-011-010-009-008-009-008-007-005-005-003-004-015
DST6304*16       000-003-002-007-005-004-002-005-007-008-006-006-002 003 005 007 006 003 003 004 007 009 013 009 004 001
DST6304*17       000-001-004 001 002 000-001-004-006-006-002 002 003 005 006 007 008 010 007 005 007 012 017 015 010 004
DST6304*18       000 006 006 005 005 004 004 005 004 000 001 007 009 011 011 013 012 008-001-007-005-008-004-004-002 003
DST6304*19       000 002 001-003-001 003-004 000-005-001 006 014 017 017 020 022 024 017 006 003 006 007 007 006 008 007
DST6304*20       000 015 011 008 008 007 011 003-002 001 002 005 008 011 002-003-005-006-006-005-003-002-001-001 001 002
DST6304*21       000 002 001 000 001-001-001 000 000 001 003 007 007 005 002-001-002-001-001-003 000 000-001-004-004 000
DST6304*22       000-004-007-011-009-004-003-003-004-001 004 009 009 007 008 007 003 000-001-005-005-007-002 000-004-001
DST6304*23       000-008-012-017-023-024-023-025-028-030-027-023-020-017-017-018-018-016-014-012-010-006-004-003-002-017
DST6304*24       000-002-003-003-002-002-002-001-001-001 000 002 003 004 005 006 006 005 009 012 012 013 013 012 009 004
DST6304*25       000 010 012 014 012 013 016 016 016 014 014 015 014 013 015 018 017 014 013 014 016 016 013 009 009 014
DST6304*26       000 009 005 001-001 000 000 004 008 008 011 012 013 013 013 012 009 007 008 008 008 014 018 018 020 009
DST6304*27       000 019 018 017 014 009 003 002 001-007-005-002 000-004 001 006 007 007 003 001-004 002 006 007 003 004
DST6304*28       000 002 003 005 007 008 008 009 011 015 018 018 019 017 019 022 024 021 019 018 014 012 012 014 015 014
DST6304*29       000 015 013 011 012 013 015 013 011 013 013 013 015 018 020 020 019 018 016 014 016 018 020 020 017 016
DST6304*30       000 014 012 012 012 014 015 013 014 016 021 024 025 023 023 028 051 062 054 047 025 000 006 016 016 023
DST6305*01       000 004-002-021-040-035-026-025-031-028-025-021-017-012-007-005-010-011-014-017-015-012-013-008-010-017
DST6305*02       000-014-014-014-013-011-013-014-009-007-009-015-013-007-007-006-007-013-009-013-009-002-001 011 018-008
DST6305*03       000 016 007 004 003-004-005-004 000 005 003 002 003-001-002-003-005-005-009-007-005-004-006-006-011-001
DST6305*04       000-010-013-020-017-015-017-021-024-027-021-017-014-013-015-019-019-019-018-014-013-014-015-011-010-017
DST6305*05       000-013-013-011-011-011-014-012-009-010-011-003 002 003 000-003-005-007-007-003 001 002 002 001 001-005
DST6305*06       000-003-006-002-004-007-011-012-011-007-002 002 004 005 006 008 003 001 002 005 006 003 002 003 001-001
DST6305*07       000 004 002 002 001 000-001 003 006 006 003 008 009 007 005 004 007 006 005 004 005 007 007 005 004 005
DST6305*08       000 000-004-002-002 001 002 003 003-001 006 005 010 005 001 003 002 001 003 009 013 006 007 007 010 004
DST6305*09       000 006 012 017 023 021 018 002-007-007-009-011-009-010-009-003-002-003-004-002-008-011-005-008-010-001
DST6305*10       000-010-008-009-010-008-006-007-014-010-008-003 001-001-007-011-013-016-008 001 001 002 000-007-012-007
DST6305*11       000-012-021-021-016-012-011-008-004-006-004-004-003-001 000-003-006-007-005-004-003-001-002-005-005-007
DST6305*12       000-008-009-009-007-005-006-005-006-004-001 003 004 002 006-003-003 002 006 000-003-004-008-010-007-003
DST6305*13       000-011-012-007-003-010-013-012-012-007-015-017-006-015-019-019-017-016-014-010-006-007-011-008-011-012
DST6305*14       000-018-016-015-013-014-015-014-011-016-011-014-012-009-011-010-007-006-008-003-004-005-002-002-005-010
DST6305*15       000-008-010-007-008-008-011-012-007-005-004-004-005-009-011-011-011-009-009-007-008-007-006-007-009-008
DST6305*16       000-009-007-007-007-006-005-003 000 002-002-002-001 000-002-004-003-003-002 000 000-001 002 007 006-002
DST6305*17       000 005 002 001 001 003 006 007 012 015 012 009 006 005 009 014 014 011 005 009 005 005 006 006 006 007
DST6305*18       000 004 003 002 003 006 006 007 007 008 009 006 004 010 013 014 012 009 005 005 005 006 007 009 011 007
DST6305*19       000 012 010 012 015 015 015 014 012 010 011 013 011 008 004 006 007 007 006 006 007 004-006-011-016 007
DST6305*20       000-021-024-022-015-014-012-012-006-002 002 005 006 002 000 001 002 005 005 007 008 009 009 010 010-002
DST6305*21       000 005 000 002 003 004 008 011 013 014 014 016 018 018 020 019 019 017 015 011 012 011 010 013 017 012
DST6305*22       000 015 013 011 011 009 008 010 012 014 015 017 013 011 011 012 012 013 016 017 015 014 011 010 011 013
DST6305*23       000 010 013 016 018 016 016 019 019 018 020 020 021 021 018 017 018 017 017 013 014 016 015 014 016 017
DST6305*24       000 020 021 022 020 020 020 018 016 016 015 015 014 015 015 018 021 023 025 025 024 025 026 027 025 020
DST6305*25       000 025 027 025 028 038 044 043 043 042 035 036 031 023 018 012 013 013 011 011 010 013 014 014 010 024
DST6305*26       000 006 000-004-008-004-001 002 004 008 009 009 010 011 009 008 008 008 007 010 013 011 010 009 009 006
DST6305*27       000 010 007 006 008 008 009 009 010 012 014 013 009 007 009 013 016 015 016 020 026 036 036 025 023 015
DST6305*28       000 021 022 009-002-003 003 006-002 000-005-007-009-004-001 003 003 006 005 007 010 007 006 009 009 004
DST6305*29       000 003-003-005-019-017-005-008-009-008-008-006-007-008-006-004-002 001 003 004 002 005 004 003 004-004
DST6305*30       000 000-004-004-010-011-010-013-009-006-006-006-003-002-002-003-002-004-003-004-004-001-001-002-001-005
DST6305*31       000 001 001-001-001 002 001 000 001 001 003 003 000 002 003 002 002 004 013 017 013 005-004-005-003 003
DST6306*01       000 001 002 001-001-001 003 003 005 006 002-002-005 003 010 010 005 000-003-003-001-001-005-005-002 001
DST6306*02       000 000-002-003-005-005-002 002 000 004 005 005 001-006-007-005-001 001 005 004 004 007 009 011 011 001
DST6306*03       000 007 005 004 002 000 001 002 002 003 007 007 005 008 007 004 005 005 006 005 005 005 005 007 009 005
DST6306*04       000 007 005 004 003 003 003 005 004 005 008 009 006 005 002 003 006 004 005 008 010 010 011 010 010 006
DST6306*05       000 009 009 007 005 007 006 006 007 008 009 012 015 015 015 016 016 015 015 014 012 011 010 010 013 011
DST6306*06       000 016 018 019 018 019 018 020 022 022 025 028 031 036 041 048 058 060 056 056 040 024 011-003-022 028
DST6306*07       000-049-067-070-078-074-073-067-057-052-044-036-036-039-040-037-041-040-035-036-030-027-027-026-022-046
DST6306*08       000-018-017-019-017-018-016-015-016-017-017-018-017-013-010-012-012-012-011-010-013-014-015-015-017-015
DST6306*09       000-021-015-015-013-010-013-011-012-013-007-007-012-011-011-013-015-014-013-010-009-006-007-011-014-012
DST6306*10       000-012-012-013-010-004 000 000 001 001 001-002-005-005 000 004 003 000-002 001 004 006 005 006 007-001
DST6306*11       000 007 006 003 001-003-001 004 008 009 009 007 008 006 009 011 013 014 011 007 006 007 009 009 008 007
DST6306*12       000 009 005-001-006-007-004 000 002 004 006 005 004 005 006 006 005 003 005 005 009 009 008 007 006 004
DST6306*13       000 003 001-001-004-003 003 006 007 006 000-006-007-003-003 000 001 004 008 005 004 006 008 009 008 002
DST6306*14       000 006 006 006 006 006 008 009 009 009 010 009 001 000 003 006 006 007 010 009 007 007 006 008 010 007
DST6306*15       000 013 012 010 007 001-005-005-006-002-001-001 001 002 002 000 000 002 005 006 004 003 002 008 011 003
DST6306*16       000 011 009 008 007 007 006 006 006 006 004 003 001 001 002 003 004 004 002 004 006 010 011 011 007 006
DST6306*17       000 002 000 001 004 007 011 011 007 004 000-005-008-011-014-018-024-028-029-029-028-022-018-015-011-009
DST6306*18       000-009-007-008-012-020-019-012-011-009-004 001 005 002-009 002 004-008-018-027-033-034-036-036-035-014
DST6306*19       000-029-022-021-023-025-021-017-009-005-002-002-002 000 007 011 012 013 007 004-002 004 005 005-004-005
DST6306*20       000-009-012-017-016-013-013-020-016-013-013-012-009-003-001 002-005-009-009-008-006-003 000 001 000-009
DST6306*21       000 002-002-002-006-009-005-004-002-003-001-001 003 011 017 016 014 009 005 005 005 007 008 008 009 004
DST6306*22       000 007 006 004 003 005 007 005 002 002 003 003 001 002 002 004 003 006 008 008 006 007 007 000 000 004
DST6306*23       000 001 004 007 008 008 008 009 007 008 008 008 011 013 015 010 015 011 012 013 012 009 008 007 008 009
DST6306*24       000 012 013 015 015 016 015 016 021 021 019 019 018 022 027 023 017 014 015 018 017 015 014 016 019 017
DST6306*25       000 020 018 017 008 006-004-004-003-001 000-002-003-002 000 003 009 013 018 021 014 001-019-015-025 003
DST6306*26       000-017-019-017-014-020-017-016-022-020-014-009-005-003-003-008-011-007-006-003-003-002 000 003 003-010
DST6306*27       000 006 004-003-002-007-010-009-012-011-005-003 000-002-001-002-003-003-006-011-010-005 001 002-001-004
DST6306*28       000-002 001 006 009 008 003 000 002 002 005 004 005 008 011 003-002-001-003-003-004-001 001 001 000 002
DST6306*29       000-001 003 004 004 005 005 005 006 008 009 010 008 008 009 009 006-001-004-004-004-001-001 000 002 004
DST6306*30       000 001-005-007-006-003-003 001-002 001 005 002 000-002 000 002 002 001 001-001-001-006-004 000-003-001
DST6307*01       000-006-007-004-006-006-005-001 004 007 006 003 005 007 011 011 005 004 003 001 002 003 002 000-003 002
DST6307*02       000-002-001 000 000 000 003 007 007 009 010 008 011 012 015 013 011 010 007 006 002 002 003 007 012 006
DST6307*03       000 012 011 011 013 013 012 012 014 014 014 014 015 015 014 014 013 011 012 011 010 011 012 011 010 012
DST6307*04       000 012 016 019 017 017 013 012 012 014 017 024 024 023 020 020 012 008 006 003-002-015-025-027-018 008
DST6307*05       000-004 002 007 015 016-003-008-009-009-006-003 001 004 007 004 002 001 001-003-001 001-007-008-011 000
DST6307*06       000-006 004 011 003-004-005-010-017-015-016-012-008-006-005-007-009-009-010-008-009-011-010-011-011-008
DST6307*07       000-008-005-005-005-002 001 002 002-001-005-006-008-003-001 001 004 002-001 001-001-003-005-006-002-002
DST6307*08       000-002 001 005 003 003 007 004 001 003 003 003 005 009 011 011 006 005 009 013 010 010 007 001-004 005
DST6307*09       000-003 001 002-002-003-005-005-002-005-002-002-004 000-001 002 004 003 005 004 002-006-014-013-010-002
DST6307*10       000-008-005 002 003 003-001 000 005 006 006 004 004 006 004 005 006 010 011 009 005 002-004-009-010 002
DST6307*11       000-003 004 006 006 010 007 005 006 006 003 000-003-001 000 003 006 008 006 003 001 000 001-001-004 003
DST6307*12       000-003-002-002 000 004 005 007 008 010 008 007 006 008 010 011 011 014 012 011 009 009 010 010 006 007
DST6307*13       000 002 004 010 012 014 014 012 010 010 007 008 010 012 010 008 009 008 005 005 006 010 008 007 010 009
DST6307*14       000 012 012 014 015 017 017 017 017 018 020 021 023 026 021 020 016 016 015 016 019 022 023 021 020 018
DST6307*15       000 019 018 018 019 020 020 021 021 023 020 015 010 009 013 017 018 017 014 014 015 015 020 028 031 018
DST6307*16       000 031 023 021 024 021 020 022 022 019 015 018 022 025 023 026 026 026 024 019 019 019 016 012 009 021
DST6307*17       000 002 005 007 004-004-006-011-014-013-025-028-023-014-019-027-032-035-032-025-019-015-014-012-009-015
DST6307*18       000-008-005-002 001 005 004 002 003 002-002-007-008-008-003-004-008-005-003-001 000-004-010-016-016-004
DST6307*19       000-011-005 003 007 009 005 006 006 005 003 003 000 000 002 002 005 005 001-001-001-002-004-002 001 002
DST6307*20       000 003 007 011 015 015 014 014 015 014 010 007 013 021 028 035 042 045 040 042 037 026 018 017 019 021
DST6307*21       000 022 022 024 026 023 017 017 022 029 019-010-016-014-008-002-005-004-007-014-016-015-016-017-015 003
DST6307*22       000-012-010-006-001 001-002-007-011-016-013-008-010-013-013-012-015-021-016-012-009-006-006-007-008-010
DST6307*23       000-006-003 003 011 012 004-005-003-002-001 000 000-003-001-002 000 000-006-002-003-003-006-015-014-002
DST6307*24       000-002-003-006-019-023-028-021-013-015-015-012-010-010-008-007-008-012-012-013-011-008-012-010-008-012
DST6307*25       000-004-002-004-006-010-007-015-013-008-004-002-001-001-002-003-003-003-003 001 001-003-007-010-012-005
DST6307*26       000-011-006-004-002 000 001-002-004-005-001 002 001-002-004-006-003 001 004 004-001-007-014-013-006-003
DST6307*27       000-001-010-013-010-011-015-013-012-010-005-005-008-004-003-007-005-001 003 003-001-005-009-012-015-007
DST6307*28       000-013-005-009-006-006-006-008-007-006-006-003-004-006-009-011-010-010-007-003 002 005 004 003 002-005
DST6307*29       000 003 005 004 005 005 005 007 008 006 005 007 007 007 004 005 012 015 018 020 017 014 009 002-004 008
DST6307*30       000-003 001 005 007 001 001-001-020-026-015-008-006-010-008-007 001 001-004-005-009-009-011-011-010-006
DST6307*31       000-002-005-008-012-006-008-016-016-010-007-006-004-008-002 001 003 004 006 001 000-001 002-001-003-004
DST6308*01       000 002 002 007 010 008 003 001 001 001-001-003-003-004-003-003-006-007-003 000 002-001-008-006-004-001
DST6308*02       000 001-002-004-007-007-009-012-011-010-009-012-014-011-014-004-003 003 005 006 006 004 001-001 002-004
DST6308*03       000-001-004-005-004-002 001 001 000-003-003-003-002 003 005 007 009 013 013 013 013 009 002-003-006 002
DST6308*04       000-004-002-001 005 006 005-002-009-007-009-009-018-018-015-008-005-002 001 000-004-007-012-013-010-006
DST6308*05       000-010-011-010-013-011-007-003-005-006-011-009-012-008-001 003 006 007 008 008 004 002-006-011-009-004
DST6308*06       000-008-005-007-007-011-014-013-009-011-009-010-007-005-002 001 003 010 009 013 013 011 002-002-004-003
DST6308*07       000-005-006-008-006-006-004-001-001-005-007-009-006 001 003 004 004 007 009 012 010 007 005 003 002 000
DST6308*08       000 001 002 002 004 003 008 007 004 001 001 000-001 002 005 012 014 016 016 017 018 019 016 013 011 008
DST6308*09       000 009 014 006-004-009-006-004-009-011-009-004-002-005-008-006-003 002 005 005 011 013 019 017 017 002
DST6308*10       000 013 014 018 016 016 018 017 013 011 010 010 010 011 006 006 000 004 006 004 012 015 014 011 010 011
DST6308*11       000 009 008 009 007 007 007 012 014 015 013 012 012 011 011 007 004 005 006 006 006 006 004 007 009 009
DST6308*12       000 011 012 010 012 015 009 005 006 008 011 014 011 008 009 014 010 012 012 011 010 011 012 012 013 011
DST6308*13       000 013 010 010 010 011 011 011 010 010 011 010 009 010 009 009 012 012 014 014 015 015 011 010 010 011
DST6308*14       000 010 012 014 012 012 013 012 009 009 009 010 011 012 014 015 018 022 022 024 026 028 029 028 026 017
DST6308*15       000 022 025 026 026 026 027 027 024 023 023 026 028 030 026 023 027 025 024 018 013 006-002 001 008 021
DST6308*16       000 011 009 006 003 004 008 008 006 004 003 004 006 008 010 011 012 009 010 011 011 012 010 007 006 008
DST6308*17       000 005 013 018 018 016 017 013 010 007 005 000 003 007 011 014 016 016 022 029 024 015 005 004 009 012
DST6308*18       000 012 010 005 000 001-009-012-011-002 005-004-003-003-019-027-021-017-014-016-017-015-019-012-011-008
DST6308*19       000-007-006-008-010-010-007-007-007-006-008-009-007-006-002 000-001 004-005-022-024-029-041-064-073-015
DST6308*20       000-073-067-059-061-065-074-084-076-069-063-055-058-049-049-044-043-042-038-036-033-029-029-027-030-052
DST6308*21       000-027-032-030-033-032-034-035-039-043-044-042-035-033-037-036-030-026-023-024-021-020-019-025-026-031
DST6308*22       000-023-021-022-022-020-020-021-024-021-018-016-018-019-021-021-019-016-013-010-006-006-014-021-025-018
DST6308*23       000-025-028-034-037-045-045-046-037-036-034-040-044-045-038-034-028-025-027-027-024-021-019-017-019-032
DST6308*24       000-021-020-022-023-020-017-018-019-022-021-020-018-019-022-027-024-016-014-016-018-013-006-008-006-018
DST6308*25       000-005-004-009-013-017-018-014-013-013-011-009-009-001 002 000 001 004 006 009 007 004-001-007-010-005
DST6308*26       000-010-003-002-002-006-013-013-010-009-009-009-007-002-001-003-005-004-004-006-002 000 000-001 001-005
DST6308*27       000 006 008 005 000 003 000 004 008 008 005 004-001-001-003-005-003 006-001-012-019-010-011-014-012-001
DST6308*28       000-007 000 002-001-004-008-010-006-006-008-015-019-020-017-012-014-014-018-018-019-013-015-020-014-012
DST6308*29       000-006-004-005-010-013-011-008-007-010-011-020-014-005-004-010-012-009-006-008-011-007-007-005-005-009
DST6308*30       000-004-004-004-007-011-011-010-007-006-007-008-008-005-005-011-014-014-010-011-011-005-001 000-004-007
DST6308*31       000-007-007-009-006-005-009-007-004-004-007-004 000 001-009-016-021-018-016-011-008-006-006-012-013-009
DST6309*01       000-010-008-007-006-007-004-002-002-006-005-005-002-005-003-004-009-013-017-021-022-019-015-013-013-009
DST6309*02       000-012-011-009-011-012-011-009-006-004-004-004-005-005-003-002 001 002 004-001-005 000 003 008 013-003
DST6309*03       000 009 000-003-002-001-008-009-004 000-001-004-003 002-001-003-003-003-008-011-013-014-013-016-014-005
DST6309*04       000-009-005-002 000-003-004 000 004 003 000-003-003-001 003 005 007 006 003 001 003 004-001-007-010 000
DST6309*05       000-008-003-004-006-008-006-002 001 004 002 003 006 014 014 019 018 015 006 002-001-004-004 000 001 002
DST6309*06       000 000 006 010 011 009 007 003 004 000 001-003-006-008-009-008-008-007-009-008-006-002 000 002 005-001
DST6309*07       000 004 005 006 007 004 002 002 003 003 003 004 007 010 007 005 004 006 009 011 012 009 010 006 008 006
DST6309*08       000 005 005 007 007-001-008-005-003 001 004-002-012-016-017-012-013-015-023-027-025-018-009-003 002-007
DST6309*09       000 006 008 001-006-014-011-002 000-002-004 003 005 002-003-009-009-008-007-008-010-010-006-006-008-004
DST6309*10       000-008-004-003-005-005-004-003 000 001 002 002 002 005 004 003 001-003-002-004-003 002 001-003-005-001
DST6309*11       000-006 002 001-006-009-009-003 005 004-008-005-002 002 002 002-003-008-015-020-028-022-018-014-012-007
DST6309*12       000-011-012-013-012-016-016-009-008-003 002 000 001 003 001-003-006-006-006-007-012-017-015-012-010-008
DST6309*13       000-008-008-006-005-007-005-001 004 006 007 005 005 005 005 006 005 005 009 009 011 009 006-002-006 002
DST6309*14       000-004-017-022-021-018-004-012-053-088-084-083-074-088-101-106-107-107-099-101-090-082-075-068-059-065
DST6309*15       000-049-039-033-032-040-044-045-036-026-026-024-027-033-041-042-040-041-047-058-056-057-056-058-053-042
DST6309*16       000-042-039-040-043-044-044-042-042-040-036-040-035-040-043-044-044-044-043-045-049-045-042-036-042-042
DST6309*17       000-042-031-027-029-039-043-047-044-051-060-066-051-055-053-057-059-061-058-061-056-051-044-041-039-049
DST6309*18       000-045-041-036-033-033-034-030-027-033-035-033-030-037-042-043-047-046-047-045-044-037-033-031-031-037
DST6309*19       000-034-034-029-030-032-027-024-023-018-024-027-031-031-039-051-055-054-048-043-045-040-034-036-033-035
DST6309*20       000-031-027-025-026-029-028-024-021-021-019-017-018-019-026-031-041-043-037-032-033-036-038-038-042-029
DST6309*21       000-041-035-031-027-025-026-023-020-020-022-016-018-018-021-010-019-030-056-035-027-031-028-015-008-025
DST6309*22       000-010-009-016-036-070-110-121-120-114-096-086-078-073-086-085-080-058-064-042-038-053-086-090-125-073
DST6309*23       000-213-236-211-215-186-155-141-129-114-108-101-089-082-078-082-084-080-072-065-060-059-064-071-074-115
DST6309*24       000-075-074-072-070-065-060-060-054-048-054-051-052-054-059-060-064-065-066-070-078-078-086-092-099-067
DST6309*25       000-094-078-091-105-088-088-084-088-093-088-071-059-052-050-055-062-064-067-062-058-055-052-054-051-071
DST6309*26       000-043-040-035-037-053-060-055-043-044-045-049-052-047-045-045-044-049-047-046-045-044-048-055-055-047
DST6309*27       000-050-042-036-033-035-034-030-028-029-030-028-028-027-031-034-035-033-032-034-029-029-035-054-053-035
DST6309*28       000-058-051-054-062-067-069-067-059-052-046-039-038-045-051-055-055-050-052-050-055-054-054-045-039-053
DST6309*29       000-039-036-041-041-044-042-038-038-036-035-033-032-031-032-034-033-032-037-039-044-045-039-038-033-037
DST6309*30       000-037-040-039-033-028-028-031-029-027-028-023-024-021-023-025-025-025-026-026-026-027-025-024-021-028
DST6310*01       000-020-021-022-025-027-027-026-026-025-023-022-023-023-021-023-023-024-027-031-032-032-029-026-025-025
DST6310*02       000-027-025-022-020-019-018-017-016-011-009-007-008-010-014-014-015-015-014-015-015-010-008-007-007-014
DST6310*03       000-009-008-008-009-011-013-014-015-016-020-018-013-010-012-014-016-015-014-014-014-012-009-009-006-012
DST6310*04       000-007-008-009-011-015-016-019-017-019-018-016-012-006-007-014-022-023-022-020-017-016-016-013-014-015
DST6310*05       000-013-005-001 001 002 003 008 004-002-009-013-007-004-002-004-007-011-014-013-010-008-009-012-013-006
DST6310*06       000-012-013-011-010-008-009-010-008-008-008-005-007-008-008-009-012-014-015-010-005-002-003-005-007-009
DST6310*07       000-007 001 007 005 003 004 001 001 000 003 004 005 005 003-001-002-007-010-007-003-002-010-022-020-002
DST6310*08       000-015-016-018-019-019-023-025-020-017-016-016-014-021-022-019-019-018-014-013-011-011-010-011-010-017
DST6310*09       000-010-010-011-012-013-012-011-013-014-010-008-007-006-006-006-006-007-010-011-009-011-012-013-013-010
DST6310*10       000-016-009-005 000 006 009 013 007-003-004 001-001-004-010-009-005-003-002-003-006-016-017-017-018-005
DST6310*11       000-019-014-009-008-007-008-012-015-017-017-020-030-040-036-025-024-030-023-023-022-021-021-028-033-021
DST6310*12       000-030-032-035-039-031-027-027-023-024-019-024-029-020-025-032-038-043-037-034-031-036-035-032-024-030
DST6310*13       000-021-020-023-027-026-026-029-030-027-021-017-017-018-017-018-020-018-016-016-016-017-019-023-028-021
DST6310*14       000-040-048-045-039-038-039-044-043-036-027-029-027-034-035-033-034-042-042-038-032-032-030-030-030-036
DST6310*15       000-027-027-025-028-025-029-026-027-023-019-023-028-025-022-018-015-014-015-020-019-018-019-021-026-022
DST6310*16       000-026-024-026-025-027-027-029-030-032-033-032-032-033-032-032-034-032-028-030-032-028-025-028-030-029
DST6310*17       000-026-023-019-019-020-023-027-029-028-028-028-028-029-027-025-025-024-023-022-023-023-023-023-026-025
DST6310*18       000-028-027-026-024-024-024-027-029-032-031-029-026-025-023-022-020-020-019-021-025-027-027-029-031-026
DST6310*19       000-028-026-025-025-028-028-028-028-026-025-024-024-024-021-020-022-018-014-013-015-019-020-022-026-023
DST6310*20       000-026-025-027-026-025-024-023-022-021-013-008-006-010-013-017-011-007-006-011-018-022-025-028-021-018
DST6310*21       000-017-016-014-016-027-024-022-020-020-018-017-013-011-014-011-014-016-015-014-011-008-007-005-007-015
DST6310*22       000-008-007-004-002 001 003 004 005 004 003-002 000 003 006 010 011 010 011 014 015 015 016 013 012 006
DST6310*23       000 012 011 012 014 016 015 015 012 011 011 011 010 007 003 003 002 002 005 006 007 003 002 000-010 008
DST6310*24       000-022-037-046-069-067-070-077-097-118-124-133-112-100-098-102-099-087-072-066-071-070-070-062-060-080
DST6310*25       000-060-054-052-049-051-051-049-050-048-043-043-043-043-044-042-040-039-039-036-034-036-037-037-035-044
DST6310*26       000-034-037-038-036-032-029-029-032-031-031-032-033-036-031-028-024-025-025-022-021-022-021-018-012-028
DST6310*27       000-012-015-018-019-021-020-017-015-017-014-012-012-011-009-010-011-012-012-016-013-012-013-016-018-014
DST6310*28       000-019-018-015-015-015-015-015-017-018-015-015-018-013-011-012-012-016-015-019-023-023-023-026-030-017
DST6310*29       000-030-027-028-032-035-035-033-032-034-036-036-034-028-025-014-018-040-059-079-102-138-164-169-173-058
DST6310*30       000-171-164-145-122-112-106-093-084-068-063-061-055-051-051-053-050-048-048-044-043-045-040-044-046-075
DST6310*31       000-045-041-039-038-036-036-035-033-039-031-032-031-031-033-035-035-040-040-037-033-033-032-031-031-035
DST6311*01       000-029-030-031-034-032-034-033-034-032-030-031-031-033-031-033-034-030-028-032-031-029-030-031-028-031
DST6311*02       000-026-025-023-022-023-025-023-023-028-022-019-015-019-019-025-026-034-039-037-031-031-032-033-031-026
DST6311*03       000-027-024-025-030-034-037-038-039-030-034-033-031-030-026-021-019-018-018-022-026-027-028-023-021-028
DST6311*04       000-017-017-017-020-022-024-023-019-018-019-020-019-020-020-017-014-014-016-015-017-020-019-020-021-019
DST6311*05       000-021-022-022-019-017-016-014-011-010-010-014-018-021-021-018-015-014-014-012-011-010-010-008-007-015
DST6311*06       000-004-004-002 001 002 008 008 000-008-009-012-013-007-007-013-019-015-011-009-011-019-019-013-010-008
DST6311*07       000-006-010-016-021-025-036-036-026-016-016-029-035-040-041-031-029-047-061-061-051-048-044-041-040-034
DST6311*08       000-047-051-043-037-042-048-042-046-035-027-026-033-031-030-035-037-038-032-031-031-035-033-035-031-037
DST6311*09       000-025-028-033-034-032-031-032-028-021-020-016-018-018-020-024-033-026-029-030-038-047-045-038-037-029
DST6311*10       000-034-039-041-039-041-032-029-023-021-024-023-026-027-025-026-028-030-033-032-031-027-024-026-025-029
DST6311*11       000-025-025-024-027-032-037-036-028-025-024-019-017-019-019-019-019-020-020-025-029-027-020-020-019-024
DST6311*12       000-018-019-019-020-027-030-031-032-026-028-027-024-023-020-018-022-028-035-034-030-026-026-023-021-025
DST6311*13       000-018-016-017-018-020-020-021-019-020-019-018-017-017-018-020-019-021-021-018-018-015-014-013-013-018
DST6311*14       000-012-012-012-013-017-020-018-015-013-011-011-010-008-009-009-009-010-011-012-012-011-010-012-012-012
DST6311*15       000-013-015-011-010-013-014-013-012-009-006-005-007-010-008-008-008-010-011-011-010-009-010-011-010-010
DST6311*16       000-009-009-010-011-012-012-013-012-010-008-004-002-003-002-001-001-002-003-002-002-004-005-003 003-006
DST6311*17       000 004 002 003 003 002 000 000 004 005 024 021 012 014 015-006-025-035-017-011-007-012-019-020-016-002
DST6311*18       000-018-019-017-016-020-022-022-020-021-019-015-012-010-010-010-010-010-012-015-015-014-012-011-011-015
DST6311*19       000-011-011-011-011-011-010-009-008-009-010-012-010-009-009-008-007-006-007-008-008-006-004-004-005-009
DST6311*20       000-005-003-003-008-007-003-001 001 003 002-001-001-001-002-004-002-002 000 000-002-003-002 000 002-002
DST6311*21       000 002 004 005 005 004 003 003 004 006 003-002 000 000-003-001-001-003-004-007-006-004-004-005-006 000
DST6311*22       000-003-003-002 001 002 001 004 003 004 004-002-003 007 015 018 020 011 000-009-012-009-009-006-006 001
DST6311*23       000-009-012-012-009-004-001-001-005-011-012-010-006-005-004-001-001-002-003-004-007-009-007-004-003-006
DST6311*24       000-003-002-004 003 002 002-001-003-005-004-007-018-025-020-029-036-037-039-044-052-055-052-050-051-022
DST6311*25       000-044-035-037-039-039-042-039-033-032-034-030-027-026-023-023-022-025-024-019-016-014-012-010-011-027
DST6311*26       000-012-013-014-013-013-013-010-009-011-015-015-017-016-017-016-012-013-014-014-012-011-007-005-003-012
DST6311*27       000-001-001-002-005-010-013-015-013-015-016-012-007-005-003-003-003-001-001-003-001-003-006-003-001-006
DST6311*28       000 000-001-005-015-013-010-006-003-001-005-005-004-004-001 000-002-003-004-004-003 001 001 000 000-004
DST6311*29       000 001-001-003-005-007-007-007-002 002 005 007 003 003 005 007 004 005 008 010 007 006 004 007 001 002
DST6311*30       000-011-011-009-011-010-007 001 000 001-001-006-015-015-012-004-006-013-014-021-021-016-011-008-005-009
DST6312*01       000-005-003-003-005-005-004-004-007-006-007-007-007-006-004-004-003-004-007-006-004-002-001 003 007-004
DST6312*02       000 011 013 015 007 000-003-009-010-006-005-006-005-006-007-008-009-011-010-017-014-008 002 010 018-002
DST6312*03       000 013 005 002-001 000 009 001-020-022-017-020-017-024-034-027-023-025-026-028-034-034-025-022-019-016
DST6312*04       000-016-015-016-019-019-020-023-021-019-017-014-015-020-019-017-016-017-023-021-017-016-024-035-032-020
DST6312*05       000-022-026-027-025-024-021-028-026-023-017-019-018-017-020-022-023-025-023-023-023-025-033-031-025-024
DST6312*06       000-019-019-019-020-018-017-017-017-011-010-012-014-013-014-019-012-012-012-015-021-024-021-018-014-016
DST6312*07       000-011-010-012-013-015-019-019-023-026-021-019-017-012-012-013-018-020-018-016-014-015-014-015-014-016
DST6312*08       000-014-010-009-012-018-019-020-023-027-027-025-023-020-022-019-015-015-018-018-017-017-013-012-013-018
DST6312*09       000-013-011-010-011-011-014-016-016-019-015-011-014-016-019-019-013-009-006-005-005-006-005-005-006-011
DST6312*10       000-005-005-008-009-009-007-006-005-006-003-002-003-003-002-002-002-003-004-005-005-003-001-001-003-004
DST6312*11       000-002 001 002 002 002 002 001 000-001-002-003 000 002 001 001 001 000 000 000 002 006 007 004 002 001
DST6312*12       000-001-001 000-001 000 000-004-006-005-002-004-004-003-001 001 002 001 000 001 001 003 007 010 004 000
DST6312*13       000 002 007 009 009 004-009-005-002-002 001 001-002-007-009-004-002 000 001 001 001-001 002 002 003 000
DST6312*14       000 002 002 001-003 000 002 002-004-009-005-003-001-002 000-002-014-016-008-005-011-019-015-010-007-005
DST6312*15       000-007-009-008-012-012-013-012-011-014-018-018-021-015-011-009-012-016-016-013-009-008-005-004-003-012
DST6312*16       000-005-005-004-006-008-007-007-008-006-006-007-010-013-013-009-007-003-002-004-005-005-004-005-008-007
DST6312*17       000-008-006-005-005-004-003-004-007-006-005-005-005-005-005-004-003-004-004-004-005-005-004-001-001-005
DST6312*18       000 003 004 004 002 001 003 004 003 004 004-001 003 006 007 006 004 004 006 007 005 002 001 000-001 003
DST6312*19       000-001-001 002 004 006 009 007 005 005 009 009 007 006 009 011 007 005 005 005 008 016 016 004-007 006
DST6312*20       000-003-001 004 015 017 011-009-016-019-014-015-016-018-013-014-014-009-010-010-015-014-015-013-013-009
DST6312*21       000-014-011-009-007-002-001-002-004-010-007-004-005 000-006-002-002-011-008-005-006-005-004-011-015-006
DST6312*22       000-013-011-009-007-012-014-014-014-012-013-017-022-023-019-013-008-008-008-014-014-011-010-012-014-013
DST6312*23       000-015-015-014-011-010-011-015-012-019-018-015-014-014-012-010-010-015-017-014-014-010-009-012-015-013
DST6312*24       000-018-021-018-012-010-009-011-012-012-009-010-011-012-014-012-010-008-008-007-007-007-009-009-007-011
DST6312*25       000-008-009-009-009-007-005-007-009-008-008-005-009-012-013-010-009-007-004-003-002-004-004-005-006-007
DST6312*26       000-007-009-010-007-008-009-006-006-004-002-006-011-015-012-010-010-012-009-007-006-006-006-007-006-008
DST6312*27       000-006-007-007-009-007-003-003-002-002 002 000-006-010-004 000 003 001 000 001 000 003 006 008 008-001
DST6312*28       000 009 005 004 004 005 008 008 008 011 008 008 006 004 000 000 001 000-001-001-002-005 000 002 007 004
DST6312*29       000 007 003 006 009 008 010 007 003 007 010 006-017-038-040-038-037-029-030-030-021-018-021-022-018-012
DST6312*30       000-013-013-011-009-008-010-015-018-016-011-011-013-013-012-011-008-011-013-013-014-014-014-014-011-012
DST6312*31       000-009-008-009-007-006-006-008-007-007-010-010-008-007-006-006-004-005-005-004-005-008-010-008-005-007
