DST1201*01  X220   0  -8  -3  -4  -5  -9  -7  -6 -10  -7  -3  -6  -8  -8  -7  -5  -8  -7  -2   2   2  -3  -5  -3  -3  -5
DST1201*02  X220   0  -5  -4   3   5   3   3   4   7   8   7   5   0   0   0   1   8  10  10  14  12  11   7   8   1   5
DST1201*03  X220   0  -7 -14 -18 -23 -25 -28 -29 -30 -32 -35 -35 -30 -26 -23 -20 -20 -20 -19 -16 -15 -15 -18 -19 -17 -22
DST1201*04  X220   0 -17 -15 -13 -13 -13 -14 -13 -13 -12 -10  -8 -10 -12  -9  -8  -7  -5  -6  -5  -4  -3   0  -1  -1  -9
DST1201*05  X220   0  -3  -1   0   0   2   2   3   2   2   1  -4  -6  -4  -2   1   2   7   7   3   3   8   9  10  15   2
DST1201*06  X220   0  12  10  10   7   4   7   6   4   1   1   0  -2  -2   0   2   4   1  -3  -1   2   1   0  -3  -3   2
DST1201*07  X220   0  -5  -1   1   0   1   0   1   1  -2  -6  -9  -7  -3  -1  -1  -1  -5  -6  -5  -4  -5  -4  -4  -4  -3
DST1201*08  X220   0  -2  -2  -4  -5  -8  -8  -6  -1  -2  -4  -4  -3  -4  -4  -2   1  -2  -2  -1  -4  -6  -7  -2   4  -3
DST1201*09  X220   0   8   9  10   7  -3  -6  -4  -2   2   2  -2  -1   5   6   9   9   4  -3  -3  -2  -4  -7  -4  -1   1
DST1201*10  X220   0   2   4   7   4   3   2   2   4   1  -6 -10  -9  -5  -4   2   7   2  -3  -2  -1  -1   0  -1   0   0
DST1201*11  X220   0   1   3   3   2  -1   0   1   3  -1  -2  -4  -1   3   5   7   7   3   0  -2  -1   1   3   2   2   1
DST1201*12  X220   0   3   4   8  10  11   9   8   7   5   4   2   5   4   2   9  15  14  16  27  27  17  10   9  12  10
DST1201*13  X220   0  10  14  16  11   8   6   8   5   4   3   3   5   5   3   6  11  10   6   2   1   0  -2  -3  -4   5
DST1201*14  X220   0  -3  -1   1   0  -1  -2  -3  -2  -2   1   3   4   4   4   5   3   2   0   1   2   1   0   0  -1   1
DST1201*15  X220   0   0   2   2   5   7  11  12   7   4   1   2   3   7   8   9   4   8  11  12   8   6   2   1   5   6
DST1201*16  X220   0   6   2   4   5   5  10  13  16  12  10   8  -8 -10  -8  -7 -14 -11  -7  -7 -13 -19 -14 -11 -10  -2
DST1201*17  X220   0 -14 -20 -17 -13 -12  -8  -6  -6  -7 -10 -14 -13 -10  -6  -1  -2  -1  -1  -2  -6  -8  -5  -5  -6  -8
DST1201*18  X220   0  -7  -3   2   2  -2  -1  -1  -2  -3  -4  -3  -5  -5  -6  -4  -5  -4  -2  -1  -2  -5  -5  -6  -5  -3
DST1201*19  X220   0  -3  -4  -5  -4  -4  -1   1   1   1   2   1   4   3   2   2   3   4   4   2   3   4   3   0   0   1
DST1201*20  X220   0  -3  -4   2   7   6   3  -1  -1  -2   1   2   2   2   4   7  10  12  10   4   0  -5  -2   2   3   2
DST1201*21  X220   0   0  -3  -6  -5  -9  -6  -8  -9 -10  -9  -7  -2   3   5   7  10  14  16  10   7   9   9   8  14   2
DST1201*22  X220   0  20  18  16  14  17  20  46  57  48  11  16   0 -18 -18  -7  -7  -9 -32 -50 -55 -63 -70 -68 -63  -7
DST1201*23  X220   0 -67 -66 -68 -70 -69 -71 -65 -66 -62 -57 -52 -46 -41 -36 -32 -29 -29 -31 -33 -34 -33 -28 -25 -26 -47
DST1201*24  X220   0 -27 -29 -31 -34 -37 -33 -31 -33 -34 -33 -29 -26 -22 -20 -23   9   0 -12 -25 -44 -41 -39 -43 -40 -28
DST1201*25  X220   0 -30 -23 -24 -21 -27 -23 -28 -34 -35 -56 -75 -73 -61 -52 -50 -44 -43 -46 -43 -42 -41 -40 -41 -40 -41
DST1201*26  X220   0 -37 -32 -29 -31 -29 -26 -21 -21 -25 -30 -37 -33 -32 -33 -31 -29 -31 -31 -32 -33 -35 -35 -32 -31 -31
DST1201*27  X220   0 -30 -28 -27 -25 -26 -29 -27 -26 -21 -22 -25 -29 -26 -28 -26 -20 -17 -17 -18 -16 -17 -14 -14 -15 -23
DST1201*28  X220   0 -13 -14 -15 -14 -14  -8  -7  -4  -6  -9 -14 -14 -12  -8 -10 -11 -11  -9 -10 -12 -17 -19 -22 -28 -13
DST1201*29  X220   0 -22 -17 -19 -21 -20 -16 -16 -16 -16 -17 -20 -18 -14 -12 -10  -8 -10 -13 -15 -16 -15 -13 -14 -14 -16
DST1201*30  X220   0 -13 -11 -10  -8  -6  -7  -6  -4  -4  -5  -8 -10 -11  -9  -7  -8  -2  -5 -15 -19 -14 -12 -13 -14  -9
DST1201*31  X220   0 -15 -17 -16 -10  -8  -7  -7  -6  -6  -6  -5  -3  -1  -1  -3  -7  -8  -8  -5  -1  -1   4   7   9  -5
DST1202*01  X220   0   8   5  -2  -4  -3  -3  -3 -10 -19 -22 -20 -15 -14 -14 -10  -7  -4  -1   0   3   8  11  16  19  -3
DST1202*02  X220   0  18  14   6   1  -4  -8  -9  -8  -8 -10 -12 -12 -12 -10  -8  -5  -3  -2   0   2   2  -1   0   0  -3
DST1202*03  X220   0   1   3   3   0  -2  -7 -10  -8  -5  -5  -8 -11 -17 -17 -16 -10  -6  -5  -5  -6  -7  -5  -2   0  -6
DST1202*04  X220   0   1   3   2  -2  -4   0  -5 -16 -24 -29 -25 -25 -25 -18 -18 -16 -15 -14 -14 -14 -13 -14 -11 -12 -13
DST1202*05  X220   0 -13 -13 -15 -16 -14 -14 -11 -15 -18 -20 -17 -19 -19 -18 -16 -15 -14 -11  -9  -8 -13  -8  -4  -3 -13
DST1202*06  X220   0  -2  -4  -8 -10  -8  -4  -2  -5  -6  -5  -5  -4  -5  -5  -4  -6  -8 -15 -15 -20 -23 -22 -18 -14  -9
DST1202*07  X220   0 -12 -13 -14 -16 -21 -20 -18 -18 -16 -20 -22 -21 -14 -15 -14 -17 -22 -16 -11 -13 -26 -26 -24 -21 -18
DST1202*08  X220   0 -16 -21 -23 -22 -22 -23 -24 -24 -19 -20 -23 -22 -22 -22 -19 -19 -18 -19 -15 -16 -15 -13 -11 -13 -19
DST1202*09  X220   0 -12 -12 -11  -8  -9  -8  -8  -7 -10 -12 -10 -12  -9  -1  -5   0  -2  -6  -9 -14 -11  -7  -6  -8  -8
DST1202*10  X220   0  -8  -8  -7  -5  -5  -4  -5  -9 -11  -9  -7  -5  -4  -5  -4  -4  -3  -1   0  -5 -10 -11 -10  -8  -6
DST1202*11  X220   0  -9  -8  -5  -5  -5  -3  -4  -6  -6  -7  -7  -7  -8  -5  -2  -3  -4  -3  -1  -1  -2  -3  -1   1  -4
DST1202*12  X220   0   1  -2  -2  -1   1   4   5   3   6  11  10   5   3   2   0  -1   1  -2  -5  -4  -3  -1   0  -2   1
DST1202*13  X220   0  -7  -9  -7  -2   0   5   7   4  -4 -11 -11  -9 -12 -24 -29 -30 -29 -23 -12 -12  -4  -3  -8 -10 -10
DST1202*14  X220   0  -7 -11 -14 -17 -19 -18 -16 -14 -11  -8  -7  -7  -6  -6  -9 -20 -26 -33 -35 -30 -30 -32 -38 -33 -19
DST1202*15  X220   0 -31 -33 -38 -47 -52 -54 -60 -55 -51 -58 -59 -63 -64 -61 -62 -62 -67 -67 -63 -59 -52 -52 -57 -55 -55
DST1202*16  X220   0 -49 -43 -40 -37 -32 -29 -26 -28 -28 -23 -20 -21 -15 -14 -15 -14 -16 -18 -17 -17 -16 -19 -19 -20 -24
DST1202*17  X220   0 -22 -19 -17 -16 -15 -15 -14 -12  -8  -8  -7  -3  -2  -2  -4  -4  -4  -4  -3  -3  -5  -7  -8  -9  -9
DST1202*18  X220   0  -9  -7  -5  -4  -4  -4  -2   0   2   0  -4   1   4   2   0  -2  -1   4   6   8   9   0  -5 -13  -1
DST1202*19  X220   0 -30 -38 -48 -59 -63 -58 -56 -52 -50 -48 -43 -39 -37 -34 -32 -27 -30 -32 -32 -29 -26 -21 -21 -21 -39
DST1202*20  X220   0 -28 -32 -31 -24 -15 -16 -28 -31 -33 -32 -31 -25 -31 -33 -35 -35 -34 -31 -27 -30 -29 -29 -33 -35 -30
DST1202*21  X220   0 -35 -33 -33 -36 -31 -28 -29 -27 -24 -21 -17 -14 -13 -13 -14 -16 -17 -16 -17 -16 -15 -13 -12 -11 -21
DST1202*22  X220   0 -10 -10  -1  -6 -10  -4   1  -5 -21 -17 -12 -11 -10 -10 -11 -11 -13 -12 -11 -11 -10 -10 -10 -13 -10
DST1202*23  X220   0 -14 -13 -11  -9  -9  -8  -9  -8 -11 -11 -11 -10 -10  -9  -7  -7  -8  -7  -5  -3  -5  -6  -8  -9  -9
DST1202*24  X220   0  -6  -3  -6 -12 -12 -10  -6  -6  -5  -7  -7  -7  -8  -5  -3  -3  -5  -5  -1  -3  -1  -1  -1   0  -5
DST1202*25  X220   0   0   1   0   1   1  -3  -4  -3  -1  -1  -4  -3   0  -1  -3   1   3   0  -6  -5  -3  -3  -8 -12  -2
DST1202*26  X220   0 -14 -12 -10 -10  -8  -6  -3  -2  -6  -6  -5  -6 -12 -11  -6  -3  -3  -4  -3  -3  -4   1  11   6  -5
DST1202*27  X220   0   6   2  -9  -8  -3   2   6   6   5   8   1   0  12   1  -3 -11 -29 -38 -35 -57 -54 -44 -39 -39 -13
DST1202*28  X220   0 -37 -34 -31 -28 -30 -28 -26 -33 -39 -29 -27 -25 -23 -26 -29 -23 -21 -28 -27 -26 -27 -23 -30 -29 -28
DST1202*29  X220   0 -32 -35 -34 -21 -16 -17 -22 -17 -19 -13 -13 -12 -13 -15 -15 -15 -14 -12 -10 -11 -11 -13 -13 -11 -17
DST1203*01  X220   0 -10  -9  -8  -2 -10 -20 -16  -8   6   0  -7 -14 -21 -24 -21 -20 -19 -24 -30 -34 -32 -36 -37 -44 -18
DST1203*02  X220   0 -50 -54 -53 -46 -40 -38 -33 -30 -23 -21 -22 -23 -22 -27 -27 -26 -23 -26 -29 -24 -24 -20 -18 -23 -30
DST1203*03  X220   0 -30 -34 -34 -32 -34 -35 -39 -39 -32 -21 -20 -22 -23 -26 -27 -28 -24 -20 -18 -19 -25 -32 -33 -40 -29
DST1203*04  X220   0 -45 -50 -50 -45 -39 -34 -30 -29 -27 -22 -20 -16 -19 -19 -20 -23 -28 -34 -38 -37 -33 -31 -26 -27 -31
DST1203*05  X220   0 -30 -32 -33 -33 -35 -34 -33 -31 -26 -19 -20 -21 -21 -20 -24 -28 -28 -26 -23 -21 -24 -33 -42 -44 -28
DST1203*06  X220   0 -42 -39 -35 -33 -32 -29 -28 -27 -29 -19 -11 -12 -16 -19 -23 -21 -11 -11 -19 -22 -20 -20 -18 -14 -23
DST1203*07  X220   0 -10 -17 -21 -20 -19 -47 -83 -86 -84 -88 -82 -79 -66 -62 -72 -85 -84 -71 -61 -66 -68 -63 -57 -55 -60
DST1203*08  X220   0 -48 -42 -37 -36 -38 -37 -35 -35 -35 -33 -27  22  15   0 -16 -33 -40 -44 -37 -28 -35 -46 -53 -47 -31
DST1203*09  X220   0 -45 -27 -35 -57 -83 -81 -92-128-145-123-125-114-125-132-124-130-113-105 -98 -98 -99 -95 -90 -82 -98
DST1203*10  X220   0 -78 -80 -81 -79 -70 -79 -80 -73 -69 -74 -73 -67 -69 -68 -69 -65 -61 -60 -55 -56 -60 -61 -62 -64 -69
DST1203*11  X220   0 -64 -62 -59 -57 -53 -47 -47 -50 -50 -46 -39 -37 -36 -21 -18 -17 -21 -22 -28 -34 -44 -42 -44 -41 -41
DST1203*12  X220   0 -40 -38 -33 -30 -29 -29 -25 -25 -27  -7  -4 -16 -43 -42 -33 -45 -64 -63 -54 -52 -55 -51 -51 -50 -38
DST1203*13  X220   0 -49 -51 -47 -45 -46 -48 -46 -44 -43 -42 -37 -38 -40 -37 -37 -36 -35 -32 -29 -37 -41 -41 -42 -44 -41
DST1203*14  X220   0 -43 -44 -40 -40 -36 -36 -39 -37 -37 -34 -31 -28 -32 -35 -37 -35 -36 -38 -40 -39 -41 -41 -40 -39 -37
DST1203*15  X220   0 -37 -40 -45 -45 -40 -36 -33 -35 -34 -27 -23 -24 -31 -20 -17 -34 -52 -68 -79 -87 -88 -71 -75 -67 -46
DST1203*16  X220   0 -59 -55 -49 -51 -56 -60 -56 -53 -55 -52 -50 -48 -43 -41 -41 -43 -42 -42 -40 -46 -48 -46 -56 -64 -50
DST1203*17  X220   0 -69 -63 -52 -51 -56 -57 -54 -44 -36 -42 -40 -34 -29 -28 -30 -31 -34 -35 -36 -39 -38 -45 -41 -37 -43
DST1203*18  X220   0 -35 -46 -54 -52 -50 -44 -42 -45 -46 -43 -38 -33 -34 -33 -35 -35 -36 -39 -37 -38 -39 -38 -37 -37 -40
DST1203*19  X220   0 -33 -23 -19 -26 -41 -39 -35 -33 -38 -38 -32 -31 -30 -28 -28 -28 -29 -34 -37 -37 -39 -38 -31 -29 -32
DST1203*20  X220   0 -31 -30 -27 -26 -26 -26 -26 -24 -24 -24 -24 -23 -20 -19 -16 -16 -18 -20 -22 -24 -25 -25 -25 -25 -24
DST1203*21  X220   0 -25 -21 -15 -14 -16 -18 -19 -19 -20 -17 -16 -17 -18 -16 -14 -11 -10 -11 -13 -16 -19 -20 -18 -14 -17
DST1203*22  X220   0 -11 -12 -14 -17 -20 -20 -17 -17 -18 -14 -12 -10  -9  -9  -8  -5  -5   0   0  10   5 -16 -27 -33 -12
DST1203*23  X220   0 -32 -30 -28 -28 -31 -30 -24 -18 -14 -12 -10  -9 -12 -14 -14 -12 -12 -14 -13 -10  -7  -2   3   4 -15
DST1203*24  X220   0   5   4   5   4  -2 -10 -19 -25 -19 -19 -15 -16 -19 -21 -19 -19 -21 -19 -18 -17 -16 -12 -10  -9 -13
DST1203*25  X220   0  -8  -8  -6  -4  -5  -8 -11 -16 -16 -16 -18 -17 -14 -15 -15 -13 -11  -9  -8  -8 -10 -10  -8  -6 -11
DST1203*26  X220   0  -4  -3  -5  -9  -9  -8  -9 -11  -8  -6  -6  -5  -3  -1  -1   2   1  -2  -1  -1   0   3   3   3  -3
DST1203*27  X220   0   4   3   0  -9 -15 -14  -9  -4   2   1  -7 -18 -23 -25 -25 -34 -39 -38 -34 -35 -39 -42 -53 -49 -21
DST1203*28  X220   0 -49 -49 -50 -56 -68 -68 -63 -52 -45 -43 -40 -43 -49 -47 -43 -42 -40 -38 -35 -33 -32 -25 -20 -18 -44
DST1203*29  X220   0 -16 -15 -16 -18 -20 -18 -15 -11 -12 -12 -11 -12 -14 -17 -18 -17 -16 -15 -13  -9  -5  -8 -14 -16 -14
DST1203*30  X220   0 -16 -13 -15 -15 -12  -6  -4  -5  -9 -11 -10  -9  -8  -9 -10 -10 -10  -9  -7  -5  -5   0   5   5  -8
DST1203*31  X220   0   3   1   0  -2  -3  -3  -2  -5  -5  -4  -3   0  -1  -1   0  -2  -3  -1   5   1   2   3   7   6   0
DST1204*01  X220   0   4   1  -1  -6  -4  -7  -1   0   2   0  -8  -7 -11 -13 -15 -21 -23 -24 -24 -27 -26 -24 -25 -30 -12
DST1204*02  X220   0 -33 -33 -32 -30 -29 -26 -22 -14 -11 -13 -18 -24 -25 -26 -26 -24 -28 -32 -37 -41 -42 -41 -38 -37 -28
DST1204*03  X220   0 -34 -30 -30 -30 -28 -25 -24 -23 -20 -18 -17 -18 -18 -14 -14 -20 -21 -19 -17 -17 -15 -17 -19 -20 -21
DST1204*04  X220   0 -17 -15 -10 -14 -17 -15 -10  -8  -5  -2  -2   2   3   3  -1  -3  -8 -11 -13  -9 -10 -13 -19 -22  -9
DST1204*05  X220   0 -24 -23 -24 -30 -39 -49 -58 -64 -59 -50 -54 -53 -49 -40 -39 -40 -40 -33 -25 -20 -22 -29 -29 -22 -38
DST1204*06  X220   0 -19 -13 -14 -14 -14 -16 -15 -13 -12 -10 -10 -11 -10  -8  -7  -5  -4  -1  -2  -2  -5  -9  -9 -12 -10
DST1204*07  X220   0 -12  -9 -10 -12 -18 -26 -28 -34 -37 -38 -40 -38 -30 -25 -24 -24 -23 -20 -18 -17 -18 -18 -17 -18 -23
DST1204*08  X220   0 -16 -17 -16 -15 -16 -15 -13 -13 -12 -15 -16 -19 -17 -14 -13 -13 -13 -11 -11 -11  -9 -10 -11 -12 -14
DST1204*09  X220   0 -10  -8  -9 -10 -10  -8  -6  -5  -7  -6  -6  -4  -3  -3  -5  -6  -7  -6  -4  -5  -6  -4  -3  -4  -6
DST1204*10  X220   0 -12 -16 -13  -8  -7  -9 -10 -11 -10  -7  -3  -4  -5  -6  -3  -5  -4  -8  -5  -4  -4  -4  -7  -6  -7
DST1204*11  X220   0  -2   4   7  13  12  14  15  15  10  -1  -5  -6  -5  -1   0  -4  -5  -2  -2   0   1  -3  -6  -2   2
DST1204*12  X220   0   5   8   9  10   4 -12 -17  -5  -1  -5  -8  -9  -8  -5  -6  -4 -11 -22 -23 -25 -32 -32 -40 -43 -11
DST1204*13  X220   0 -48 -41 -39 -55 -60 -60 -53 -43 -39 -37 -38 -35 -33 -30 -27 -26 -26 -23 -21 -23 -24 -28 -30 -25 -36
DST1204*14  X220   0 -26 -24 -22 -23 -24 -25 -23 -24 -24 -20 -19 -20 -20 -21 -20 -23 -22 -22 -22 -22 -21 -21 -19 -17 -22
DST1204*15  X220   0 -17 -13 -12 -13 -11  -9  -8  -7  -6  -5  -6  -6  -4  -3  -7  -8  -8  -9 -12 -13 -16 -15 -14 -11 -10
DST1204*16  X220   0 -12 -11 -11  -9  -9  -8  -6  -3  -1  -1  -3  -4  -4  -7  -7  -9 -11 -14 -14 -11  -8  -8 -10  -8  -8
DST1204*17  X220   0  -6  -5  -3  -2  -3  -3  -5  -8 -10  -8  -4  -5 -16 -18 -18 -14 -12 -16 -27 -32 -30 -20 -14 -13 -12
DST1204*18  X220   0 -14 -15 -18 -25 -27 -28 -25 -16 -13 -11 -12 -15 -20 -24 -26 -29 -27 -24 -24 -20 -16 -14 -12  -9 -19
DST1204*19  X220   0  -8  -6  -6  -9 -13 -13 -10 -11 -12 -10 -10 -11 -12 -12 -12 -12 -10  -8  -5  -7 -13 -18 -15  -8 -10
DST1204*20  X220   0  -1   1  -1  -4 -14 -20 -21 -19 -12 -16 -19 -19 -17 -13 -13 -16 -14 -12 -13 -12 -12 -12 -14  -9 -13
DST1204*21  X220   0  -5  -3  -1  -1  -2   0   0   0   1  -4  -5  -4  -2  -1   0   1   0   5   3  -7 -15 -23 -29 -32  -5
DST1204*22  X220   0 -36 -35 -26 -27 -32 -34 -36 -32 -30 -27 -27 -30 -29 -22 -18 -17 -18 -20 -22 -26 -25 -24 -21 -16 -26
DST1204*23  X220   0 -18 -13  -7   4  18   0 -12 -10  -2   3   8   6   7   4   1   1   1   0 -10 -33 -52 -74 -92-106 -16
DST1204*24  X220   0-105-100-103-115-120-116 -97 -80 -83 -71 -64 -64 -64 -57 -55 -55 -55 -58 -56 -55 -57 -57 -60 -64 -75
DST1204*25  X220   0 -54 -54 -53 -52 -52 -51 -50 -55 -56 -56 -50 -49 -51 -49 -49 -50 -49 -51 -53 -52 -57 -47 -42 -37 -51
DST1204*26  X220   0 -38 -43 -55 -45 -36 -27 -29 -31 -30 -27 -29 -30 -32 -27 -33 -35 -37 -37 -35 -31 -27 -28 -24 -23 -33
DST1204*27  X220   0 -24 -25 -23 -28 -29 -23 -22 -23 -25 -24 -22 -21 -21 -20 -14 -10  -5  -6 -11 -13 -15 -10  -7 -10 -18
DST1204*28  X220   0 -11 -13 -12 -13 -13 -13 -12 -13 -13 -10 -13 -10  -7  -8 -10 -15 -16 -15 -19 -23 -24 -22 -20 -21 -14
DST1204*29  X220   0 -25 -25 -22 -25 -25 -21 -22 -22 -19 -18 -18 -16 -16 -16 -15 -14 -13 -12 -13 -15 -16 -16 -15 -14 -18
DST1204*30  X220   0 -13 -12 -13 -13 -10  -7  -9  -9  -8  -8  -9  -9 -10 -12 -12 -12 -12 -13 -15 -15 -14 -13 -10 -10 -11
DST1205*01  X220   0  -9 -10 -11 -11  -9  -9  -8  -9  -9  -9  -8  -7  -9  -9  -8  -7 -10 -12 -13 -13 -12 -14 -14 -12 -10
DST1205*02  X220   0  -8  -6  -4  -6  -8 -12 -14 -16 -15 -12 -10  -8 -11 -13 -11 -10  -8 -10 -11 -14 -15 -16 -18 -14 -11
DST1205*03  X220   0 -13  -8  -1  -4 -10 -15 -17 -20 -23 -21 -15 -15 -18 -15 -14 -11 -10  -7  -5  -4  -5  -5  -4  -7 -11
DST1205*04  X220   0  -8  -7  -7  -8  -5 -11  -9  -7  -7  -6  -6  -8  -7  -4  -1  -2  -3  -3  -5  -4  -1  -1  -1  -2  -5
DST1205*05  X220   0  -1  -1  -1  -4  -6  -6  -6  -6  -3  -5  -4  -2   0   1  -1  -5  -4  -2   0   1   3   5   7  13  -1
DST1205*06  X220   0  16  17  15  10   5   4   2   5   4   4   1   1  -2  -1   2   2   4   5   5   2   3   1   0   1   4
DST1205*07  X220   0   2   4   6   8   7  10  10   9   6   9  13  12  14  13  12  13  12  13  13  12  11  11  11  12  10
DST1205*08  X220   0  14  17  20  21  21  17  11  11  14  13  13  11   6   8   8  10  15  20  28  28  25  20  -1 -19  14
DST1205*09  X220   0 -28 -19 -19 -11 -11 -20 -28 -26 -38 -43 -31 -20 -20 -22 -24 -20 -12 -11 -24 -24 -29 -31 -28 -38 -24
DST1205*10  X220   0 -38 -36 -37 -37 -32 -23 -20 -19 -18 -17 -15 -12 -13 -16 -18 -15 -14 -14 -17 -20 -17 -16 -14 -20 -21
DST1205*11  X220   0 -22 -28 -30 -31 -30 -27 -23 -20 -18 -14 -13 -14 -14 -13 -11 -13 -14 -16 -19 -21 -21 -20 -21 -22 -20
DST1205*12  X220   0 -21 -20 -18 -18 -16 -16 -18 -17 -18 -12 -11 -14 -16 -16  -9  -7  -5  -3  -5 -10  -9  -9 -10 -11 -13
DST1205*13  X220   0 -15 -20 -28 -36 -31 -24 -25 -28 -29 -26 -21 -28 -36 -37 -35 -31 -28 -19 -16 -21 -21 -16 -17 -19 -25
DST1205*14  X220   0 -18 -19 -17 -16 -19 -20 -19 -18 -13 -12 -13 -13 -14 -11  -9  -8  -9 -13 -15 -15 -13 -10  -9  -7 -14
DST1205*15  X220   0  -5  -5  -1  -1  -1  -2  -8 -10  -6  -5  -4  -6  -8  -8  -7  -7  -7  -8  -8  -9  -7  -1   4  -1  -5
DST1205*16  X220   0  -5  -3   0   0   0   2   0   0   2   4   6   1   1  -2  -1   1   3  -6 -12 -18 -31 -38 -38 -43  -7
DST1205*17  X220   0 -39 -33 -30 -30 -27 -22 -20 -17 -14 -13 -13 -13 -11  -8  -6  -3  -1   0  -4  -2   3   5   4   5 -12
DST1205*18  X220   0   4   2   7   4   6   6   4   5   6   4  -4  -6  -6  -4  -1   1   2   0  -6 -13 -11 -12 -16 -21  -2
DST1205*19  X220   0 -15  -6  -2  -3  -1   1   1   0  -1  -4  -7  -5  -7  -7  -5  -3  -4  -6  -6  -5  -5  -5  -4  -5  -4
DST1205*20  X220   0  -4  -4   6   8  -1 -14 -17 -14  -8  -6 -10  -9  -9 -11  -9  -7  -9 -11 -10 -10  -8  -8  -9  -6  -8
DST1205*21  X220   0  -6  -8  -7  -7  -8  -7  -4  -2  -1  -1  -3  -6  -8  -9  -7  -4  -1   0   3   9  19  18  19  17   0
DST1205*22  X220   0  18  23  32  23   1  -6 -10 -16 -19 -18 -14 -12  -8 -18 -18 -14 -16 -11 -14 -16 -15 -21 -25 -26  -8
DST1205*23  X220   0 -22 -21 -28 -32 -46 -42 -38 -45 -38 -31 -30 -29 -29 -34 -34 -32 -30 -30 -28 -30 -27 -25 -23 -24 -31
DST1205*24  X220   0 -22 -23 -23 -21 -21 -20 -16 -17 -12 -10 -11 -13 -12 -15 -20 -18 -16 -17 -13  -9  -4   0   0   2 -14
DST1205*25  X220   0   2   0  -1  -2  -7  -5  -4  -3  -7 -12 -12 -13 -17 -16 -16 -14 -12 -14 -14 -15 -14 -15 -17 -17 -10
DST1205*26  X220   0 -15 -17 -18 -14 -11 -12 -12 -10  -9 -11 -12 -11 -10 -11 -11  -9  -8  -8  -9  -9  -9  -7  -5  -5 -11
DST1205*27  X220   0  -3  -2  -3  -7  -6  -5  -1   0   0   1   1  -1  -1   0   2   4   3   3   4   3   3   0   0   1   0
DST1205*28  X220   0   2   2   6   9  10   8   7   6   4   5   4   3   3   8  10  13  13   7   3   2   6   7   5   3   6
DST1205*29  X220   0   3   2   3   7   8   8  11  12  13  12  12   8   5   4   4   7   9  11  13  12  10  -1  -8 -12   6
DST1205*30  X220   0 -12  -7  -2   4   4   3   4   5   6   9   8  -1  -3   1   0   0  -2   0   0   4   5   5   6   8   2
DST1205*31  X220   0  10   7   5   7   9  11  12   9  12  16  14  11   3  -1  -5  -2   4   5   7   9  13  13  11  10   8
DST1206*01  X220   0  10   6   2   2  -1  -1   2   3   4   5  10  14   9   4   4  12  13   7   6  11  18  17  15  17   8
DST1206*02  X220   0  19  18  19  20  20  18  16  16  19  24  26  22  18  16  14  20  17   4  -6 -13 -21 -21 -15 -17  10
DST1206*03  X220   0 -12  -7  -8 -10  -9  -8  -3  -6  -7  -8  -8  -8  -7 -12 -22 -23 -22 -31 -42 -49 -40 -37 -33 -29 -18
DST1206*04  X220   0 -23 -18 -13 -17 -23 -22 -21 -17 -13 -19 -26 -27 -22 -19 -23 -25 -27 -28 -19 -16 -16 -20 -22 -21 -21
DST1206*05  X220   0 -15 -17 -16 -14 -16 -15 -14 -14 -11  -7  -4  -3 -17 -28 -31 -25 -23 -21 -22 -21 -23 -33 -31 -24 -19
DST1206*06  X220   0 -22 -25 -28 -27 -20 -21 -23 -20 -19 -15 -18 -22 -17 -17 -17 -19 -15 -15 -14 -15 -17 -20 -21 -19 -19
DST1206*07  X220   0 -16 -15 -12 -14 -16 -16 -15 -16 -14 -13 -12 -14 -14 -16 -14 -15 -17 -16 -16  -9  -4  -7  -8  -7 -13
DST1206*08  X220   0  -9 -11 -11 -11  -9  -4  -5  -5  -8  -8  -9  -9  -9  -8  -9 -11 -12  -9  -5   2   4   2   2   5  -6
DST1206*09  X220   0   2  -1   1   3   4   2  -1   0  -1  -2  -1  -2  -3  -7  -7  -6  -6  -4   3   3   4   5   3  -1  -1
DST1206*10  X220   0  -1   0   1   2   2   3   3   3   2   3   3   0  -4  -6  -6  -6  -5  -3   5   7   8   4   0  -3   1
DST1206*11  X220   0  -4  -5  -4  -1   4  -2 -14 -18 -21 -22 -22 -26 -30 -33 -36 -36 -32 -28 -24 -24 -29 -38 -46 -54 -23
DST1206*12  X220   0 -59 -67 -60 -52 -39 -39 -39 -37 -34 -33 -31 -33 -35 -37 -37 -38 -35 -32 -26 -22 -21 -21 -21 -19 -36
DST1206*13  X220   0 -17  -7  -8 -11 -18 -19 -20 -21 -13  -8 -12 -18 -18 -18 -16 -13 -11  -7  -5  -5  -6  -8  -7  -6 -12
DST1206*14  X220   0  -5  -6  -4  -5  -6  -6  -5  -4  -7  -8  -8  -9  -8 -10 -10  -9  -9 -11 -10  -9  -9  -8  -8  -3  -7
DST1206*15  X220   0  -3  -3  -2   0  -1  -2  -1  -1   0   0  -2  -4  -5  -6  -7  -5  -2   0   4   8   8   8   8   5   0
DST1206*16  X220   0   5   5   4   1  -1   2   3   1   1   2  16  10   8   6  11  13  12  20  23  23  35  58  77  51  16
DST1206*17  X220   0  65  60  41  28  16   3  -2 -11 -18 -29 -49 -71 -80 -86 -77 -68 -72 -70 -67 -67 -65 -69 -72 -68 -35
DST1206*18  X220   0 -68 -70 -72 -69 -64 -60 -60 -60 -58 -52 -45 -41 -43 -46 -47 -48 -49 -48 -44 -40 -45 -49 -50 -46 -53
DST1206*19  X220   0 -43 -40 -39 -38 -36 -33 -33 -34 -33 -32 -30 -30 -32 -33 -35 -36 -37 -36 -34 -29 -27 -30 -34 -34 -34
DST1206*20  X220   0 -35 -35 -33 -32 -33 -29 -29 -28 -25 -22 -21 -23 -22 -19 -19 -20 -19 -18 -21 -24 -21 -19 -20 -20 -24
DST1206*21  X220   0 -20 -21 -21 -19 -18 -16 -16 -16 -17 -17 -16 -13 -10  -6  -8  -9 -11  -9  -7 -11 -14 -18 -19 -14 -14
DST1206*22  X220   0 -12 -10  -6  -6  -4  -4  -6  -8 -14 -13  -8 -13 -16 -16 -17 -16 -15 -15 -13 -13 -12  -9  -8  -8 -11
DST1206*23  X220   0  -5  -6  -5  -4  -3  -4  -6  -8  -9  -7  -9  -9  -9 -11 -13 -13 -11 -11  -8  -6  -6  -6  -7  -4  -8
DST1206*24  X220   0  -6  -7  -3   0   1   0   3   1   0  -1   0   3   3   4   1   0  -3   2   8  11  15  13  12  13   3
DST1206*25  X220   0   9   8  10   2  -1  -2  -3  -7 -12  -7  -5  -3  -4  -7  -5  -4  -7  -8  -6  -1  -2  -1  -2  -4  -3
DST1206*26  X220   0  -2  -1  -5 -11 -15 -17 -16 -15 -12 -11 -11  -9  -9 -10 -10  -9 -11 -11  -7  -3  -2  -3  -1   4  -8
DST1206*27  X220   0   3   3   4   9  11  10  11   8   3   2   5   7   5   4   0  -7  -9  -6   0   2   2   0  -2   1   3
DST1206*28  X220   0   3   2   1   0   0   0   0  -3  -5  -6  -7  -8  -7  -7  -9  -8  -9  -7  -3  -2   0  -3  -5   0  -3
DST1206*29  X220   0   5   7   9   9   6   2   2   1   1   2   2   3   5   7   5   2   0   0   0   1   3  10  19  19   5
DST1206*30  X220   0  18  12  10  -1   1   1  -6 -14 -10 -13 -17 -13 -12  -8 -14 -13 -15 -24 -24 -31 -37 -32 -31 -29 -13
DST1207*01  X220   0 -23 -18 -17 -25 -26 -26 -33 -30 -24 -24 -20 -17 -13  -8 -12 -11 -10 -12 -10 -16 -17 -16 -18 -16 -18
DST1207*02  X220   0 -15 -12 -16 -13 -22 -28 -35 -32 -31 -26 -25 -20 -17 -16 -25 -31 -36 -37 -31 -29 -30 -32 -32 -31 -26
DST1207*03  X220   0 -25 -19 -17 -16 -16 -20 -18 -19 -18 -15 -18 -20 -22 -21 -19 -19 -19 -23 -25 -22 -18 -19 -16 -12 -19
DST1207*04  X220   0 -11 -10  -8  -5 -10 -17 -19 -18 -18 -19 -17 -18 -15 -10  -7  -6  -5  -5  -6  -6  -8 -14 -18 -19 -12
DST1207*05  X220   0 -12  -1   4   4   5   2  -3  -7  -7  -2   3  21  16  11  31  11  11  11   9   8  12  13   6   7   6
DST1207*06  X220   0   4   6   7  -1  -3   1  -2 -10 -13  -9  -2  -3  -4  -4  -5  -7   2   4  -4 -17 -27 -36 -25  -9  -7
DST1207*07  X220   0 -12  -6   0   4   3   1   1  -3  -7 -10  -7  -6 -10 -13 -14 -14 -12  -7  -9  -6  -3  -2  -6 -12  -6
DST1207*08  X220   0  -9  -7  -4   3  13  15  15  11  12  14  18  11  10  18  17  13  14  15  13  10  12  16   6 -10   9
DST1207*09  X220   0 -27 -37 -30 -29 -33 -36 -34 -43 -49 -58 -61 -62 -78 -73 -64 -61 -71 -69 -67 -64 -64 -70 -78 -70 -55
DST1207*10  X220   0 -65 -55 -45 -42 -42 -39 -36 -35 -38 -38 -34 -31 -28 -25 -25 -27 -28 -29 -28 -27 -24 -23 -25 -26 -34
DST1207*11  X220   0 -27 -25 -24 -29 -30 -24 -23 -30 -36 -34 -25 -22 -22 -19 -21 -21 -21 -18 -17 -13 -17 -18 -24 -31 -24
DST1207*12  X220   0 -34 -34 -22 -18 -15 -23 -28 -32 -32 -28 -29 -23 -18 -15 -16 -14 -11 -11 -12 -13 -16 -20 -19 -19 -21
DST1207*13  X220   0 -20 -19 -17 -16 -15 -15 -14 -15 -18 -20 -19 -18 -18 -18 -17 -15 -13 -10  -8  -9 -10  -9  -7  -8 -15
DST1207*14  X220   0  -9  -9  -7  -5  -6  -5  -5  -8  -7  -6  -8  -5  -5  -5  -5  -1  -5  -5  15   4  -7  -5   1  -2  -4
DST1207*15  X220   0   9   0 -12 -20 -36 -29 -37 -69 -98-128-126-112-115-119-120-121-139-138-139-127-128-122-111-110 -89
DST1207*16  X220   0-111-113-101-106-104-106-107-113-109-107-102 -95 -87 -86 -89 -92 -85 -72 -73 -71 -71 -69 -61 -58 -91
DST1207*17  X220   0 -57 -57 -60 -67 -72 -75 -80 -77 -63 -65 -60 -57 -54 -53 -49 -47 -47 -49 -46 -43 -45 -44 -42 -42 -56
DST1207*18  X220   0 -41 -42 -40 -39 -37 -37 -38 -39 -38 -34 -30 -27 -23 -23 -23 -25 -27 -29 -32 -33 -33 -34 -32 -29 -33
DST1207*19  X220   0 -27 -23 -22 -21 -22 -20 -17 -21 -24 -24 -20 -15 -10 -11 -13 -12 -14 -16 -17 -14 -11 -11 -11 -13 -17
DST1207*20  X220   0 -12 -14 -16 -16 -14  -4  -8  -7  -4  -8 -14  -9  -1   1   2  -8 -19 -26 -30 -31 -29 -27 -25 -26 -14
DST1207*21  X220   0 -25 -23 -16 -14 -21 -20 -16 -15 -19 -17 -13  -9  -5  -3  -2  -3   5   1   3  -2   4  -2  -7  -7  -9
DST1207*22  X220   0  -6  -3  -2  -2  -8 -16 -24 -28 -26 -25 -20 -13  -4  -2  -1  -4  -7  -8  -7 -11 -10  -8  -4  -2 -10
DST1207*23  X220   0   0  -5  -7  -6  -3  -2   1   0   3   3   0   1  -2  -5  -3  -4  -7 -11 -10 -13 -13 -11 -10 -11  -5
DST1207*24  X220   0 -11 -11 -13 -19 -17 -13 -14 -16 -14 -13 -10  -7  -7  -7  -7  -8  -6  -6  -6  -7 -10 -11 -13 -12 -11
DST1207*25  X220   0 -17 -24 -20 -16 -13 -11 -10 -11 -12 -11 -10  -6  -3  -2   0   2   2   0  -1  -1   1   0  -2  -2  -7
DST1207*26  X220   0  -4  -8  -9 -11 -10  -9  -8  -7  -7  -7  -6  -5   0   2   1   0   1  -2  -1  -3  -4  -3  -1  -1  -4
DST1207*27  X220   0  -2  -2   1   5   7   6   8   9  10  11  14  12  12  14  15  16  16  13  12  13  15  16  16  20  11
DST1207*28  X220   0  23  23  19  18  19  22  25  26  24  26  23  20  25  28  23  12   3 -10 -11 -19 -19 -21 -31 -27   9
DST1207*29  X220   0 -25 -29 -28 -25 -21 -20 -19 -19 -26 -28 -27 -25 -19 -15 -14 -13 -11 -12 -12  -9  -4  -5  -5  -2 -17
DST1207*30  X220   0  -2  -5  -5 -12 -23 -22 -14 -16 -26 -30 -22 -17 -17 -19 -19 -21 -28 -33 -27 -36 -33 -29 -24 -21 -21
DST1207*31  X220   0 -20 -20 -19 -19 -20 -21 -20 -18 -15 -13 -14 -14 -13 -13 -11 -10  -9  -8  -8  -8  -7  -7  -7  -7 -13
DST1208*01  X220   0  -9 -10 -10  -9  -7  -6  -6  -4  -6  -6  -6  -7  -8  -6  -4  -2  -1   0   1   2   1  -3  -5  -1  -5
DST1208*02  X220   0  -1  -2  -4  -6  -4  -1   2   4   5   3   4  11  16   2 -10 -17   4  13   4  -8 -22 -20 -15 -16  -2
DST1208*03  X220   0 -17 -22 -29 -21 -20 -22 -22 -21 -21 -22 -21 -19 -19 -17 -15 -14 -15 -13 -13 -14 -16 -17 -16 -15 -18
DST1208*04  X220   0 -14 -14 -14 -15 -12 -10 -11 -11  -8  -4  -4  -3  -4  -5  -5  -9  -7   0   4   5   3  -2  -2   4  -6
DST1208*05  X220   0   6   4   2  -1  -1   0   1  -1   1   3   6   3   3   2   2   2   2   3   3   3   1  -1  -2  -4   2
DST1208*06  X220   0  -9 -18 -22 -20 -21 -12  -9 -12 -17 -18 -14  -9  -7 -10 -10 -11  -9 -13 -17  -8  -7  -8 -14 -17 -13
DST1208*07  X220   0 -15 -11 -10  -9  -8  -9  -9  -9  -6  -4  -6  -5  -3  -1   3   3   3   3   0  -3  -3  -1   0  -4  -4
DST1208*08  X220   0 -18 -31 -34 -32 -27 -28 -24 -24 -21 -16 -17 -17 -17 -13 -10  -7  -9 -11  -7 -11  -1   1   1   0 -16
DST1208*09  X220   0  -1  -6 -11 -13 -18 -22 -24 -24 -22 -18 -18 -15 -16 -15 -13 -12  -8  -7  -1  -1  -1   3   4   2 -11
DST1208*10  X220   0   5   3   0  -2  -3   1   3   2  -3  -5  -4  -2  -3  -3  -2  -1   4   6  10  11   9   7   5   2   2
DST1208*11  X220   0   1  -2  -5  -5  -2   0   2   3   1   1   2   1   3   6   8   6   6   3   2   1   3   0  -2   2   1
DST1208*12  X220   0   1   1  -2  -5 -14 -16 -10  -6  -8  -7  -4  -4  -1   5  17   9   4   7   5  -3  -9  -2   7   8  -1
DST1208*13  X220   0   5   5   1   0  -2  -2  -5  -8  -6  -9  -4  -1   1   3   3  -6 -12  -8  -5  -6  -6  -4  -1   0  -3
DST1208*14  X220   0  -2  -5  -5  -2  -5  -3  -5  -7  -7  -4  -5  -5  -5  -6  -7  -4  -2  -1   1   0  -1   4   2   0  -3
DST1208*15  X220   0  -1  -2   0   1   0  -1   0  -1   0  -4  -3  -2   1   1   1   1  -4  -4   0   4   0  -3   0   1  -1
DST1208*16  X220   0  -1  -7  -8  -1   5   5   5   2   1   5  10   9   9  11   2  -4  -5  -5 -13 -12 -13 -13 -15 -22  -2
DST1208*17  X220   0 -26 -21 -22 -20 -19 -22 -19 -20 -17 -13 -11 -11 -12 -12 -14 -14 -11  -8  -5  -2  -4  -3  -3  -4 -13
DST1208*18  X220   0  -9 -13 -15 -16 -12 -11 -10  -2   6   8   3  -1   0   4   7   7  10   9   2  -6 -18 -12  -8  -3  -3
DST1208*19  X220   0  -6  -7  -9  -6  -4  -9  -5  -2   0   7  -2 -18 -22 -11  -5   1   2   1   1   2  -3  -8 -24 -21  -6
DST1208*20  X220   0 -20 -27 -29 -19 -14 -17 -13  -8  -8  -6  -2   0  -1  -2  -6  -8  -8  -6  -8  -7  -7  -9  -7  -8 -10
DST1208*21  X220   0  -9 -10  -9 -10  -9  -8  -6  -4  -3  -6 -10  -8  -7  -7  -6  -7  -6  -2   1   0  -1  -3  -6  -6  -6
DST1208*22  X220   0  -8  -9  -8  -8 -10 -12  -7  -5  -2   0   3   2   0  -2  -3  -5  -3  -1  -2  -3  -2  -2  -2  -3  -4
DST1208*23  X220   0  -8  -9  -7  -6  -7 -15 -18 -16 -16 -18 -24 -24 -19 -15 -14 -19 -18 -16 -13  -7  -7  -2   2   3 -12
DST1208*24  X220   0   0  -4  -3  -4  -5 -10 -11 -11  -8  -4  -4   1   2   4   2   4   5   9   6   1  -8  -9  -1   1  -2
DST1208*25  X220   0   7   8  14   9   3   0  -2  -8 -14 -20 -15  -7  -1   0  -2  -2  -3  -2  -7  -8 -11  -6  -2  -3  -3
DST1208*26  X220   0  -3  -3  -4  -2  -1  -4  -4  -1   2  -1   1   5   2   0   5   0  -3  -6  -8  -9  -6  -5  -2  -4  -2
DST1208*27  X220   0  -8  -7  -5  -5  -4  -7  -6  -7  -5  -6  -4  -2  -2  -3  -3  -5  -4  -5  -6  -4  -3  -1   1  -1  -4
DST1208*28  X220   0  -4  -5  -5  -7  -9  -9  -8  -5  -4  -4  -3   0  -2  -4  -5  -5  -5  -8  -6  -5  -5  -5  -2  -2  -5
DST1208*29  X220   0  -1   2   3   2   0  -2  -4  -1   0   1   1   0   1   3   2   0  -1  -3  -5  -5  -3  -3  -2   0  -1
DST1208*30  X220   0   2   6   8   9  10   8   4   4   2   4   6   6   8   9   8   7   6   6   2   1   0   0  -4  -3   5
DST1208*31  X220   0  -2   2   6  11  13  10   8   7   5   4   4   2  -4  -2   1   3   6   8   9  14  16  16  16  14   7
DST1209*01  X220   0  14  16  18  17  17  12  10  11  11   4   0  -8 -13 -13 -12 -11  -9  -5   2   6   9   9  10   6   4
DST1209*02  X220   0  -2  -8 -11 -11 -12 -20 -27 -29 -26 -22 -17 -22 -25 -29 -33 -36 -41 -47 -47 -39 -35 -41 -42 -45 -28
DST1209*03  X220   0 -47 -48 -49 -50 -57 -63 -65 -65 -62 -66 -69 -63 -38 -44 -52 -56 -53 -51 -52 -61 -57 -43 -48 -45 -54
DST1209*04  X220   0 -33 -31 -40 -46 -42 -48 -58 -59 -54 -42 -34 -32 -39 -34 -31 -22 -17 -22 -25 -27 -30 -30 -28 -27 -35
DST1209*05  X220   0 -34 -39 -45 -41 -45 -64 -55 -63 -61 -43 -37 -35 -35 -41 -38 -32 -34 -20 -22 -33 -33 -27 -19 -10 -38
DST1209*06  X220   0 -12 -13 -16 -32 -26 -30 -30 -28 -25 -22 -23 -27 -27 -26 -24 -25 -17 -10 -13 -20 -25 -25 -24 -23 -23
DST1209*07  X220   0 -20 -17 -11 -17 -23 -24 -20 -22 -27 -30 -28 -28 -29 -30 -27 -28 -27 -29 -32 -30 -30 -25 -27 -32 -26
DST1209*08  X220   0 -35 -31 -28 -26 -30 -31 -28 -21 -17 -20 -23 -24 -26 -28 -27 -22 -20 -22 -24 -23 -21 -18 -16 -17 -24
DST1209*09  X220   0 -17 -13  -8  -5  -5  -8 -10 -11 -11 -10  -9  -9 -10  -8  -9 -11 -13 -14 -13 -12 -12  -9  -6  -7 -10
DST1209*10  X220   0 -11 -12  -6  -1  -2  -1  -1  -1   2   2   2   3   5   1   8   4  -4  -6  -1   2   1  -1  -1   0  -1
DST1209*11  X220   0   2   3   6   9  10   7   4   2   3   2   0   1   2   1  -1  -4  -4  -6  -7  -7  -6  -5  -4  -2   0
DST1209*12  X220   0   0   3   2   2   3  -1  -1   3   5   4   2   3   1   3   6   7   7   6   9  12  11  15  13  11   5
DST1209*13  X220   0   6   3   6   8   8   1  -4  -1   1   0   0   0   0  -1  -2  -2   0  -3  -5  -4  -3  -3  -1   1   0
DST1209*14  X220   0   3   6   9  11   9   7   4   4   7   9  10  12  13  11   9   8   7   6   4   1   0   0   0  -8   6
DST1209*15  X220   0 -12  -8  -1   4   6   1  -2  -6  -9  -6  -4  -3  -3  -2  -2   1   3   0  -4  -6  -6  -4  -3   0  -3
DST1209*16  X220   0   2   6   5   2   0  -1  -5  -6  -9  -8 -12  -9  -6  -4  -4   0   3   1  -5  -1  -6  -1  -1  -1  -3
DST1209*17  X220   0   0   6   9  11  10   7   5   5   7   4   2   3   2   2   3   2   4   4   3   2   1   1   2   3   4
DST1209*18  X220   0   5   8   4   4   2  -4 -10 -14 -11 -11 -11 -15 -15 -11  -9  -5  -7  -3  -1   0   1   1   3   4  -4
DST1209*19  X220   0   4   5   8   7   2  -4  -5  -4  -4  -4  -2   0  -4  -7  -6   1  -2 -11 -11  -7 -19 -31 -36 -25  -6
DST1209*20  X220   0 -17 -23 -16 -13 -11  -9  -3   1  -5 -13 -12 -17 -17 -18 -15 -13 -15 -14 -14 -11 -11 -11 -13 -15 -13
DST1209*21  X220   0 -15 -12 -11 -10 -10 -11  -6  -3  -3   1   0   2   0   0  -1  -1   0  -3  -4  -7  -7  -4  -3  -3  -5
DST1209*22  X220   0  -7  -9  -9  -8  -7  -3  -2  -4  -6 -10  -6   0  -1  -3  -4  -5  -2  -1   1  -1  -1  -2   0   1  -4
DST1209*23  X220   0   1   1   1   3   4   3   3   3   5   5   6   5   5   3   2   4   5   5   5   4   2  -1  -3  -4   3
DST1209*24  X220   0   0   2   5   5   5   6  10  12   9   7   8   9  11  12  13   9   7   6   9  11  13  10   7   3   8
DST1209*25  X220   0   1   1   0  -1  -1   1   5   4   4   5   5   3   3   2   1   2   5   6   3   0  -1   2   4   6   3
DST1209*26  X220   0   9  10  13  13  15  18  19  19  21  21  21  20  16  13   7  11  13  14  11   8  -5  -4  -4  -1  12
DST1209*27  X220   0   0  -1   2   2  -1  -2  -3  -1   0   3   2  -1  -1  -2  -4  -5  -3  -1  -2  -2  -4  -3   1   4  -1
DST1209*28  X220   0   6   6   5   4   3   3   5   6   7   9   8   6   6   8  11  13  14  14  12  10   9  12  16  18   9
DST1209*29  X220   0  17  15  17  16  16  14  10  10  10   7   5   4   4   4   5   6   3  -2  -3  -3   0   1   1   1   7
DST1209*30  X220   0   5  10  13  12   9  10  10  11  10   9   8  15  20  24   5 -11 -20 -26 -31 -34 -39 -32 -30 -21  -3
DST1210*01  X220   0 -60 -98-104-117-122-109-106-103 -99 -91 -83 -74 -67 -67 -70 -64 -59 -58 -54 -50 -45 -38 -31 -30 -75
DST1210*02  X220   0 -24 -31 -34 -35 -37 -38 -36 -32 -32 -35 -46 -47 -47 -41 -39 -35 -35 -32 -30 -31 -28 -23 -21 -25 -34
DST1210*03  X220   0 -29 -32 -32 -26 -20 -19 -16 -19 -24 -23 -21 -20 -20 -19 -18 -19 -15 -14 -16 -20 -24 -25 -23 -22 -22
DST1210*04  X220   0 -22 -22 -19 -13 -12 -12 -15 -17 -17 -15 -11  -9 -10 -11 -10  -9 -10 -12 -13 -13 -13 -12 -11  -9 -13
DST1210*05  X220   0  -8  -8  -8  -9  -8  -8  -5  -1   3   1  -1  -3  -2  -1  -1  -6 -10 -12 -13 -13 -15 -15 -15 -15  -7
DST1210*06  X220   0 -13 -10  -8 -10 -13 -14 -13 -13 -11 -11 -13 -16 -15 -18 -17 -19 -23 -23 -20 -14 -14 -17 -15 -11 -15
DST1210*07  X220   0  -7  -7  -8  -9 -11 -10  -6  -2  -2  -4  -3   0   2  -1  -4  -6  -4  -3  -7 -15 -21 -22 -22 -20  -8
DST1210*08  X220   0 -20 -19 -21 -23 -25 -27 -41 -66 -82 -89 -98 -97 -99 -89 -77 -77 -70 -61 -58 -62 -72 -83 -92 -99 -64
DST1210*09  X220   0 -93-101 -99 -85 -91-107-105 -99-109-107 -86 -73 -66 -64 -64 -64 -57 -52 -49 -42 -32 -32 -39 -36 -73
DST1210*10  X220   0 -30 -28 -31 -35 -37 -40 -40 -35 -38 -42 -43 -45 -42 -39 -37 -35 -35 -40 -37 -38 -40 -40 -38 -34 -37
DST1210*11  X220   0 -30 -29 -32 -34 -33 -31 -31 -33 -30 -30 -31 -29 -25 -21 -23 -26 -29 -27 -25 -25 -24 -23 -20 -10 -27
DST1210*12  X220   0  -6 -11 -11 -17 -20 -26 -24 -22 -17 -19 -17 -20 -20 -19 -17 -19 -25 -23 -22 -28 -28 -31 -27 -25 -21
DST1210*13  X220   0 -22 -24 -28 -37 -52 -68 -80 -90 -82 -78 -83 -78 -59 -47 -47 -48 -49 -62 -66 -71 -71 -60 -53 -49 -59
DST1210*14  X220   0 -44 -40 -32 -36 -34 -36 -38 -36 -40 -43 -47 -54 -44 -35 -34 -36 -36 -38 -40 -50 -52 -46 -47 -44 -41
DST1210*15  X220   0 -39 -37 -35 -36 -38 -38 -35 -31 -30 -29 -29 -28 -26 -23 -23 -22 -21 -21 -24 -20 -21 -23 -22 -20 -28
DST1210*16  X220   0 -19 -17 -17 -19 -20 -22 -19 -16 -13  -8  -8  -7  -9 -15 -19 -19 -18 -15 -13 -12 -13 -12 -12 -11 -15
DST1210*17  X220   0 -16 -19 -21 -24 -29 -28 -25 -25 -22 -20 -14 -10  -9  -9  -9  -8  -9  -8  -6  -6  -7 -11 -12 -16 -15
DST1210*18  X220   0 -14 -10  -7  -9 -15 -16 -14 -13 -11 -12 -14 -14 -14 -11 -10  -9 -11 -10 -11 -11 -15 -13 -12 -10 -12
DST1210*19  X220   0 -10 -10  -9  -8 -10 -10  -8  -7  -7 -10 -11 -10  -9  -5  -3  -2  -2  -2  -3  -4  -5  -7  -8  -9  -7
DST1210*20  X220   0  -9  -8  -5  -3  -2  -1   0   0   0  -1  -5  -9 -10  -8  -7  -6  -4  -2  -2  -2  -3  -3  -3  -3  -4
DST1210*21  X220   0  -5  -8  -9  -9  -8  -4  -4  -2  -2  -2  -2  -5  -4  -3  -2  -2   0   1   2   3   2   1   0  -1  -3
DST1210*22  X220   0  -3  -4  -4  -5  -4   0   1   3   5   4   2   1   0   0  -1   0   3   5   4   4   4   4   5   4   1
DST1210*23  X220   0   7  10   9   2  -1   4   4   1  -4 -10  -8  -8  -9  -6  -6  -9  -9 -13 -14 -14 -12 -12  -6  -2  -4
DST1210*24  X220   0  -1  -4  -7  -8  -9 -11 -10  -8  -5  -5  -6  -9  -9  -6  -5  -5  -6  -7  -9  -9 -11  -6  -2  -1  -7
DST1210*25  X220   0  -1  -4  -6  -7  -5  -2  -1  -1  -4  -5  -5  -5  -6  -5  -1  -1  -2  -2  -6  -9  -9  -6  -6  -3  -4
DST1210*26  X220   0  -1   0  -1  -4  -5  -4  -3  -6  -4   0   0  -3  -3  -1   0  -1  -4  -6  -2  -2  -6  -8  -8 -11  -3
DST1210*27  X220   0 -13 -14 -15 -18 -20 -19 -15 -14 -12 -11 -10 -11 -12 -12 -10  -8  -9  -8  -6  -4  -5  -2   2   5 -10
DST1210*28  X220   0   6   5   1   0  -3  -3  -4  -3   0   0  -2   0   0   0   0   0   0  -2  -2  -4  -5  -4  -2  -2  -1
DST1210*29  X220   0  -1  -2  -3  -6  -8 -10 -10  -9  -6  -5  -5  -5  -5  -4  -2  -2  -2  -2   0   2   3   3   4   5  -3
DST1210*30  X220   0   5   5   2   1   0  -1  -2  -1   1   3   4   7   8   8   7   6   5   5   5   6   7   8  10   9   5
DST1210*31  X220   0  11  12  13  14  13  12  11  12  14  15  15  15  12  11  12  21  37  33  31  26  27  19  24  25  18
DST1211*01  X220   0  22  11  21  19  13  -3 -16 -28 -42 -43 -44 -53 -59 -59 -59 -52 -54 -53 -57 -61 -65 -59 -50 -46 -34
DST1211*02  X220   0 -39 -39 -38 -36 -29 -23 -21 -24 -21 -21 -26 -30 -31 -28 -24 -19 -18 -17 -15 -22 -24 -23 -20 -18 -25
DST1211*03  X220   0 -17 -17 -16 -15 -14 -12 -13 -10 -11  -9  -9 -11 -11  -6  -9 -10 -11 -13 -14 -14 -15 -16 -15 -14 -13
DST1211*04  X220   0 -11  -8  -8 -10  -9  -8  -7  -8 -11 -11 -11 -13 -15 -13 -12 -10  -8  -8  -7  -8  -9  -8  -7  -7  -9
DST1211*05  X220   0  -7  -6  -5  -4  -3  -3  -1  -1  -4  -5  -3  -5  -5  -4  -7 -10 -13 -14 -14 -16 -16 -15 -12  -9  -8
DST1211*06  X220   0  -9  -8  -6  -5  -2  -1  -2  -3  -5  -6  -4  -3  -5  -9 -10 -13 -15  -9  -4  -1   0  -1   5  14  -4
DST1211*07  X220   0  15  10   0  -1   5   6   7   7   5   2   1   6   7   6  -2  -4  -2  -4  -3  -3  -3  -3  -7  -5   2
DST1211*08  X220   0  -5  -7  -6  -5  -5  -5  -5  -3  -1  -1  -4  -7  -5  -3   0   3   3   3   3   5   8   8   5   3  -1
DST1211*09  X220   0   2   2   3   3   1   1   1   4   5   5   5   5   6   6   9  10   6   3   3   2   1   2   1  -1   4
DST1211*10  X220   0  -3  -3  -1   1   2   4   5   7  10  12  14  13  10   8   9  12  13  13   9   7   7   7   7   8   7
DST1211*11  X220   0   8   5   3   3   6   8  10  13  13  11   7   8   8   6   3   3   5   6   4   3   1   1   1   2   6
DST1211*12  X220   0   2   1   1   0   1   2   0   1   2   5   6   6   5   5   7  13  19  18  17  16   8  -2 -10  -1   5
DST1211*13  X220   0  -4  -9 -10  -3   4  -1  -4  -5   0  -8 -11  -8  -7  -4   2   0  -2   0  -2 -14 -22 -27 -25 -29  -8
DST1211*14  X220   0 -35 -52 -74 -90 -97-102-103-108-100 -96 -87 -72 -72 -69 -64 -55 -50 -49 -48 -44 -41 -37 -38 -40 -68
DST1211*15  X220   0 -39 -38 -39 -40 -40 -38 -39 -38 -36 -32 -27 -24 -26 -27 -24 -22 -23 -23 -23 -25 -25 -22 -22 -24 -30
DST1211*16  X220   0 -25 -27 -25 -26 -22 -23 -23 -22 -23 -21 -20 -22 -25 -20 -19 -17 -17 -21 -21 -22 -24 -21 -17 -14 -22
DST1211*17  X220   0 -10  -7  -7 -11 -13 -13  -4  -6  -1   2  -1   1  -2  -4  -3   1   1  -1  -1  -6  -7  -7  -7  -8  -5
DST1211*18  X220   0 -12 -13 -14 -14 -17 -17 -16 -15 -13 -11 -10 -11 -11 -11 -13 -11 -12 -12 -10  -6  -5  -3  -4  -5 -11
DST1211*19  X220   0  -6  -6  -3  -2  -5  -9 -12 -13  -8  -3  -2  -8 -10  -8  -8  -6  -3  -5  -4  -3  -2   0   3   3  -5
DST1211*20  X220   0   3   3  -1  -8 -16 -21 -21 -18 -14 -15 -13 -10 -16 -20 -24 -23 -23 -22 -25 -29 -29 -33 -31 -31 -18
DST1211*21  X220   0 -33 -36 -38 -34 -30 -29 -31 -34 -32 -27 -22 -22 -25 -25 -24 -22 -20 -19 -20 -19 -14 -14 -14 -13 -25
DST1211*22  X220   0 -14 -14 -15 -17 -16 -17 -18 -16 -11  -8  -9 -12 -13 -11  -9  -6  -7 -10 -10  -6  -5  -4  -5  -7 -11
DST1211*23  X220   0  -9 -10  -9  -9  -9  -8  -8  -9  -8  -6  -9 -12 -15 -13 -10  -8  -5  -5  -7  -8  -6  -4   9  -3  -8
DST1211*24  X220   0  -9 -18 -30 -37 -35 -38 -34 -34 -37 -40 -31 -24 -24 -13  -8   1  -8 -11 -13 -11 -10  -6  -7  -7 -20
DST1211*25  X220   0  -6  -6  -5  -5  -3   1   1   0   3   6   8  11   4  -6  -7 -10 -10 -10 -12 -10  -8  -5  -5  -7  -3
DST1211*26  X220   0 -10 -12  -9  -5  -4   6  10   9   7   6   8   6   3   2   1   0   0   2   1  -1  -2  -1   0   1   1
DST1211*27  X220   0   2   2   0  -2  -3  -1  -3  -6  -8  -6  -5  -1  -2  -2  -1  -3  -1  -1  -2  -2   1   0  -1  -1  -2
DST1211*28  X220   0   2   1   1   0   0   0  -1  -3  -2   1   1   2   1  -1  -1  -1  -2  -1   0   2   2   1   3   5   0
DST1211*29  X220   0   7   6   4   2   2   1  -1  -1  -1  -1  -1   2   2   1   2   1  -1  -2  -1   0   3   4   3   4   1
DST1211*30  X220   0   2   2   3   4   3   2   0  -2   0   1   0   5   9  10   9   9   8  10  12  14  18  20  18  13   7
DST1212*01  X220   0  11  11  10  13  15  13  11  11  13  17  17  17  16  13  17  22  20  20  14   7   6   7   5   5  13
DST1212*02  X220   0   3   1   1   5   6   2   0  -3  -2 -10  -6  -4   0  -5  -3  -4  -5  -4  -2  -1   1   2   1   2  -1
DST1212*03  X220   0   2   1   1   0  -1   0  -1   0   5   5   8   8   8   9   8   6   7   7   8  11  11  11  13  10   6
DST1212*04  X220   0  12  13  16  15  11  10   5   6  10  12  10   8   5   3   4   4   2   3   3   2   3   5   4   2   7
DST1212*05  X220   0   1   1   1   1   1   1   0  -1   0   4   9   9   8   7   7   8   6   5   5   6   6   7   6   6   4
DST1212*06  X220   0   6   5   5   7   7   8   8   6   7  10  11   8   6   4   4   4   5   6   7   7   8   9   9   7   7
DST1212*07  X220   0   7   6   5   7   8   9  10  12  14  15  14  12  11  11  12  13  12  13  14  13  13  14  12  12  11
DST1212*08  X220   0  12  11  11  12  14  17  19  20  20  18  15  18  20  20  21  20  20  20  22  21  20  25  28  28  19
DST1212*09  X220   0  28  28  28  29  25  28  27  27  27  22  20  22  24  18  14  10   7   6   5   3   0  -4  -3   0  16
DST1212*10  X220   0  -1   1   2   1   1  -2  -4  -6  -5  -2  -4  -1   3   2   3   8  10  13  15  16  15  13  11  10   4
DST1212*11  X220   0  11  10   9   7   7   5   4   3   5   9  11  13  14  18  17  14  13  14  18  17  16  17  17  15  12
DST1212*12  X220   0  14  15  21  22  22  20  19  19  17  16  16  16  13  13  16  17  16  16  18  18  17  14  12  10  17
DST1212*13  X220   0   9   9   5   1   3   3   3   2   3   3   2   3   6  11  13  10   5   5  10  15  17  16  14  14   8
DST1212*14  X220   0  16  12  13  15  15  17  18  16  13  10   9  12  14  13  13  13  10   7   9  11  17  12  11  12  13
DST1212*15  X220   0  11  16  12  10   7   8   5   3  -2  -4  -4  -6  -4  -5   1  -3 -12 -13  -7  -6  -5  -3   0   1   0
DST1212*16  X220   0   0   2   2   1   1  -4 -10  -7  -4  -7 -12 -14 -16 -13 -10  -5  -4  -3   5   9  13  11   7   4  -2
DST1212*17  X220   0   5  -1  -1   2  -1  -5  -8  -6  -8  -5  -2  -3 -11  -9  -9  -6  -3  -3   0   5  10  11   9   7  -1
DST1212*18  X220   0   4   1   0  -2  -3  -4  -5  -5  -5   1   2  -4  -4   0  -1  -3  -2   1   5   6   6   6   8   9   0
DST1212*19  X220   0   9   6   4   4   3   0  -2   2   6   2  -1  -3  -4  -4  -2  -2   0   2   4   6   6   9   9  11   3
DST1212*20  X220   0  12  10   9   7   5   6   6   6   7   9   7   1   1   1  -6 -13 -10  -6  -8  -6  -4  -2  -4  -4   1
DST1212*21  X220   0  -2  -1   0   0  -2  -1  -1   0  -1  -1  -1  -2  -3  -2  -2  -2  -1  -3  -4  -1   1   2   5   7  -1
DST1212*22  X220   0   7   7   7   7   5   4   3   2   0   1   3   5   7   5   5   6   3   3   8   9   9   8   9  12   6
DST1212*23  X220   0  15  18  15  14  12  11  13  16  17  16  14  14  15  12   7   5   4   4   6   9  12  13  14  16  12
DST1212*24  X220   0  20  21  16  13  12  14  16  16  16  13  12  13  17  17  17  12   6   2   2   5   8   9  10  12  12
DST1212*25  X220   0  15  15  14  13  14  14  11  10  10   8   7   7   8   8   8   8   6   3   3   6   8  12  14  15  10
DST1212*26  X220   0  15  15  15  14  12  11  10  11  13  11   9   9   5   2   6   7   8   7   6   8   8   9   9   8  10
DST1212*27  X220   0   9  10  12  12  10   9   8   9   9   9   7  10  11  13  14  15  16  17  15  14  13  13  14  14  12
DST1212*28  X220   0  17  17  17  18  19  22  22  22  21  19  17  17  19  19  19  20  18  16  14  16  14  11  10  12  17
DST1212*29  X220   0  13  12  12  12  12   9   9   5   0  -1  -2   5  10  10  12  14  14  13  12  12   9   7   3   6   9
DST1212*30  X220   0  10  14  16  16  17  16  17  20  21  25  21  14  14  19  19  15   9  11   6   4   5   2   4   2  13
DST1212*31  X220   0   2   6  10  12  10   9   8  10  12  11   7   4   4   3   3   4   4   2   4   4   5   7   8   8   7