DST0901*01  X220   0  -7  -5  -4  -5  -7  -7  -9 -12 -11  -8  -9 -10 -14 -17 -15 -13 -15 -17 -17 -16 -14 -12  -7  -4 -11
DST0901*02  X220   0  -3  -5  -6  -5  -7  -8  -9  -8  -7  -5  -7 -10 -12 -10  -7  -3  -2  -8 -10 -11  -9  -8  -3  -8  -7
DST0901*03  X220   0 -10  -7  -7 -11 -14 -15 -11  -8  -7  -9 -12 -13 -10  -8  -9 -11 -16 -18 -14 -10  -9  -9  -8  -8 -11
DST0901*04  X220   0  -9  -8  -8 -10 -10  -9  -6  -8  -7  -7  -9  -9  -9  -9  -8 -11 -15 -19 -18 -15 -11  -6  -3  -4 -10
DST0901*05  X220   0  -5  -5  -4  -5  -6  -8  -6  -8 -11 -10  -9  -9  -8  -6  -7  -8  -7 -11 -12 -12 -10  -8  -9  -8  -8
DST0901*06  X220   0  -5  -4  -7 -11 -11 -11 -12 -14 -14 -13 -15 -14 -12 -12 -13 -12 -13 -16 -17 -14 -12 -10  -7  -7 -12
DST0901*07  X220   0  -8  -9 -11  -9  -9  -8  -6  -6  -5  -5  -6  -4  -3  -5  -6  -7  -8  -9  -6  -5  -4  -2   0  -1  -6
DST0901*08  X220   0   0  -1  -2  -2  -2  -2   0   0  -1   1   0  -2  -7  -7  -6  -7  -7  -5  -1   1   3   4   2   2  -2
DST0901*09  X220   0   4   4   1  -4  -9  -9  -7  -6  -5  -4  -8 -12 -17 -15 -10  -4   1   0  -1  -6  -5  -1   4   3  -4
DST0901*10  X220   0   0  -1  -5  -8  -8 -10  -7  -4  -5  -5  -5  -8  -9  -7  -5  -5  -8  -9  -9  -7  -5  -4  -7  -8  -6
DST0901*11  X220   0  -9 -11  -7  -5  -3  -2  -3  -3  -5  -8  -9 -10 -10  -9  -7  -8 -11 -14 -14 -13 -13 -12 -11 -10  -9
DST0901*12  X220   0 -10  -8  -8 -10  -8  -6  -5  -3  -3  -3  -3  -3  -2  -2  -2  -4  -8  -7  -5  -2  -3  -2   2   4  -4
DST0901*13  X220   0   4   5   4   5   9  13   7   6   8   8   7   7   7   4   3   4   2  -2  -6  -7  -6  -4  -6  -4   3
DST0901*14  X220   0  -3   3   0  -3  -5  -5   1   5   5   3  -8 -17 -18 -19 -18 -16 -17 -17 -18 -16 -16 -14 -15 -19  -9
DST0901*15  X220   0 -18 -13 -10  -9 -10 -14 -17 -18 -15 -11  -9 -12 -15 -16 -13  -8  -4 -11 -14 -13 -11 -13 -14 -11 -12
DST0901*16  X220   0  -9  -6 -12  -7 -10  -7  -5  -1  -1  -2  -6  -8  -6  -8 -11 -17 -16 -15 -11 -10 -10  -8  -9 -10  -9
DST0901*17  X220   0  -8 -10 -10  -7  -5  -3  -3   1   1   0  -4  -9 -11 -12 -12 -11 -11  -9  -6  -9 -11 -11  -8  -6  -7
DST0901*18  X220   0  -6  -6  -6  -8  -8  -5  -2   0   3   1  -3  -5  -6  -6  -5  -5 -10 -10  -7  -5  -2  -1   0   6  -4
DST0901*19  X220   0  10   4  -6   1   5   5   1  -8  -6  -6  -8 -10 -10  -9   0   3  -1  -5  -8 -11 -15 -19 -17 -15  -5
DST0901*20  X220   0 -13 -11 -12 -11  -9  -9  -8  -5  -3  -3  -5  -7  -7  -7  -6  -4  -3  -4  -5  -8 -12 -14 -14 -12  -8
DST0901*21  X220   0 -10  -9  -6  -5  -2  -1   0  -1  -4  -3  -3  -3  -3  -7  -6  -9  -9  -9  -9  -7  -6  -8 -10 -11  -6
DST0901*22  X220   0 -11 -10  -6  -5  -6  -6  -3  -4  -5  -3  -3  -1   1  -1  -2  -1   1   2   2   1   2   1   2   2  -2
DST0901*23  X220   0  -1  -3   0   3   3   2   1   0   2   5   6   6   4   2   1   1   0   0   1   2   2   2   1   0   2
DST0901*24  X220   0   1   0  -1  -2  -4  -4  -3  -3  -3  -3  -1   0   1   2   1   4   8   9   8   7   6   6   5   6   2
DST0901*25  X220   0   6   9  12  10  10   6   4   2   2   2   0  -4  -4  -3   2   6   7   5   5   6   6   5  10  10   5
DST0901*26  X220   0  10  17  20  18  17  13   1   7   2  -6  -6  -5 -10 -19 -29 -29 -22 -17 -15 -14  -9 -11 -10  -9  -4
DST0901*27  X220   0  -9  -9  -5  -4  -5  -8  -8  -8  -8 -10 -12 -14 -15 -16 -13 -12 -13 -11 -10  -7  -6  -6  -6  -5  -9
DST0901*28  X220   0  -5  -6  -8 -10 -11 -11 -10 -11 -10  -8  -8  -9  -8  -6  -4  -3  -3  -4  -4  -5  -1   0   5   9  -5
DST0901*29  X220   0  10  12  11  13   7   2  -6  -8  -9 -13 -15 -14 -11 -11 -12 -11 -11 -12 -14 -14 -12  -9  -8  -5  -6
DST0901*30  X220   0  -4  -3  -1  -1  -3  -4  -4  -8 -10 -10  -9  -5  -3  -2  -2  -4  -5  -4  -4  -6  -9  -4   8   8  -4
DST0901*31  X220   0  10  12  15  15  11   7   0  -8  -7  -5  -4  -6 -10 -10  -9  -6  -8  -7  -7  -8  -8  -7 -10 -10  -3
DST0902*01  X220   0  -9  -7  -8  -7  -7  -7  -9 -11 -12 -12 -13 -14 -14 -14 -13 -10  -9  -6  -4  -5  -5  -6  -7  -7  -9
DST0902*02  X220   0  -6  -5  -5  -5  -5  -3  -2  -2  -2  -3  -7  -9 -10  -9  -8  -5  -3  -1   2   2   3   4   1  -2  -3
DST0902*03  X220   0  -1  -1  -2  -1   0   3   5   4   5   3   1  -1  -4  -7  -7  -6  -3  -1  -1  -5  -3  -7 -16 -15  -3
DST0902*04  X220   0 -12  -8  -5  -5  -4  -3  -4  -2   3   2  -5  -5 -16 -25 -34 -37 -38 -41 -42 -31 -29 -28 -23 -25 -17
DST0902*05  X220   0 -28 -27 -22 -17 -17 -22 -22 -22 -19 -17 -16 -14 -16 -17 -11 -15 -18 -17 -15 -16 -15 -16 -16 -14 -18
DST0902*06  X220   0 -15 -15 -16 -19 -20 -19 -19 -18 -14 -11 -11 -12 -13 -14 -17 -15 -14 -12 -12 -14 -14 -10  -4  -1 -14
DST0902*07  X220   0   0  -1  -1  -5  -9 -10 -11 -11  -8  -4  -1   0  -1  -5  -8  -8  -9  -8  -7  -7  -4  -2  -1   1  -5
DST0902*08  X220   0   1   2   4   5   0  -2  -2  -2  -4  -4  -4  -3  -4  -4  -6  -7  -5  -4  -2  -1  -1  -3  -6  -6  -2
DST0902*09  X220   0  -6  -3  -1   1   0  -1  -4  -4  -3  -4  -8  -8  -6  -5  -5  -3  -4  -5  -5  -5  -5  -2   1   3  -3
DST0902*10  X220   0   5   8   7   5   4   4   1   1  -1  -3  -7 -10  -8  -1   3   7   6   6   5   5   2   2   3   5   2
DST0902*11  X220   0   6   7   7   8   8   6   6   5   2   1  -1  -6  -9  -9  -8  -5   0   0  -2   1  -1   0   3   7   1
DST0902*12  X220   0  11  11  10   8   4   4   2   0  -1  -3  -5  -6  -9 -10 -11 -10  -6  -8 -10 -11 -12 -13 -10  -8  -3
DST0902*13  X220   0  -6  -5  -3  -2   0   1   1   1   2   4   2   0   0  -2  -2  -1   0  -3  -6  -7  -5  -2   1   6  -1
DST0902*14  X220   0   8  12  21  26  30  27   4  -9 -18 -28 -31 -18 -21 -28 -32 -38 -38 -33 -31 -29 -25 -24 -20 -19 -13
DST0902*15  X220   0 -21 -23 -26 -25 -22 -20 -21 -22 -25 -23 -17 -14 -13 -19 -21 -23 -25 -23 -20 -21 -22 -22 -22 -22 -21
DST0902*16  X220   0 -23 -24 -24 -25 -22 -18 -15 -13 -11  -9  -9  -8 -10 -14 -18 -18 -18 -17 -17 -18 -20 -18 -17 -19 -17
DST0902*17  X220   0 -19 -21 -21 -19 -17 -15 -13 -13 -11  -9  -6  -3  -4  -7  -9  -9  -8  -7  -7  -9 -10  -9  -8  -7 -11
DST0902*18  X220   0  -5  -4  -4  -5  -4  -4  -2  -2  -2  -1  -1  -5  -6  -8  -9  -9 -10 -11 -12 -12 -12  -8  -5  -3  -6
DST0902*19  X220   0  -3  -5  -7  -7  -8  -7  -6  -5  -4  -2   1   5   3   1   0  -1  -5  -5  -4  -3  -1   2   1   3  -2
DST0902*20  X220   0   5   6   0   6   6  -1  -1  -1  -1  -2  -1   3   3  -1  -5  -6  -4  -4  -4 -10 -10  -5   1   6  -1
DST0902*21  X220   0   7   4   2   0  -4  -3   1   1   0   1   2   4   3   3   3   0   0   1   0  -2   2   4   4   8   2
DST0902*22  X220   0   7   6   5   3   2   0  -2  -6  -6  -5  -3  -3  -4  -2   0   0   0   0  -2  -1   2   1   5   6   0
DST0902*23  X220   0   6   4   6   5   4   3   1   0  -2  -3  -3  -3  -5  -6 -13 -18 -22 -22 -19 -19 -13  -9  -8  -7  -6
DST0902*24  X220   0 -12 -11 -11 -13 -13 -10  -9 -15 -17 -15 -12 -11 -11 -12 -14 -16 -14 -12 -12 -11 -11  -8  -5  -4 -12
DST0902*25  X220   0  -6  -8 -11 -11 -12 -15 -16 -15 -14 -12  -8  -7  -8  -8  -7  -7  -7  -7  -8  -7  -6  -4  -3  -3  -9
DST0902*26  X220   0  -4  -5  -6  -4  -6  -8  -8  -9  -8  -6  -8  -6  -6  -4  -7  -6  -5  -3   0   2   2   3   8  11  -3
DST0902*27  X220   0  16  14  11  12   7   1   3   2  -4 -20 -23 -20 -13 -14 -15 -14 -16 -18 -16 -21 -20 -18 -13 -13  -8
DST0902*28  X220   0 -10 -11 -12  -6  -6  -9 -10 -11 -13 -10  -6  -4  -6  -9 -10 -10 -11 -12 -13 -13 -12  -9  -7  -4  -9
DST0903*01  X220   0  -2   1   3  -1  -2  -5  -4  -3  -3  -2  -1  -3  -3  -5  -6  -8  -9 -10 -11 -12 -11 -10  -7  -7  -5
DST0903*02  X220   0  -6  -5  -2  -3  -4  -6  -5  -5  -6  -4  -4  -6  -6  -7  -8  -9  -8 -10  -9  -6  -5  -4  -2  -3  -6
DST0903*03  X220   0  -4  -3  -1   3   3   4  14  19  14  15  15   6   5   9   9   2   3  -3  -4   1   2   1  -1   1   5
DST0903*04  X220   0  -3  -1  -1  -4  -6  -9 -11 -12 -11  -9  -9 -11 -14 -13  -8  -4  -7  -8 -10 -11 -12 -11  -8 -10  -8
DST0903*05  X220   0  -8  -5  -7 -12 -10  -9  -8  -5  -6  -4  -2   1   0  -3  -7  -8  -9 -10 -10  -8  -7  -5  -2   4  -6
DST0903*06  X220   0   3   4   5   1   0  -3  -4  -3   1   2   0  -1  -2  -3  -2  -2  -1   0   0   2   1   0   1   2   0
DST0903*07  X220   0   1   1   0  -3  -3  -3  -1   0   0   1   3   3   1   1   2   2   2   1   0  -1   0   1   1   1   0
DST0903*08  X220   0  -1  -3  -4  -3  -1   4   5   1  -3   1   4   1   3   5  -1  -6  -9 -11 -11 -11 -12 -11 -11 -13  -4
DST0903*09  X220   0 -13 -13 -11  -9 -10 -10  -9  -9  -8  -6  -7  -7  -7  -8 -10 -10  -8  -9 -10 -11  -9  -8  -6  -7  -9
DST0903*10  X220   0  -6  -6  -7  -6  -6  -7  -6  -5  -4  -2   4   7   5   0   0  -1  -4  -7  -9  -8  -6  -2   0  -3  -3
DST0903*11  X220   0  -3   0   1   4   3   2   1  -1  -1   1   1   2   3   2   2   3   2  -3  -8  -8 -12 -11  -9  -2  -1
DST0903*12  X220   0  -3  -2 -10 -12  -9  -7  -4  -7  -7  -2  -1   0   2   5   4   5   5   4   8  12  18  19  13   7   2
DST0903*13  X220   0  -9 -15 -28 -26 -22 -24 -28 -31 -32 -23 -20 -19 -16 -16 -16 -16 -17 -22 -26 -26 -25 -23 -22 -22 -22
DST0903*14  X220   0 -20 -21 -17 -15 -14 -13 -14 -19 -14 -13 -17 -17 -14 -12 -11 -12 -14 -18 -20 -17 -17 -13 -14 -20 -16
DST0903*15  X220   0 -23 -18 -17 -16 -16 -20 -19 -19 -17 -15 -15 -13 -13 -12 -13 -13 -12 -13 -15 -15 -14 -12 -14 -16 -15
DST0903*16  X220   0 -14 -13 -14 -14 -13 -13 -13 -11  -7  -7  -8  -6  -7  -6  -5  -4  -2  -3  -9  -9  -7  -3  -1  -3  -8
DST0903*17  X220   0  -6 -11  -9  -6  -4  -5  -3  -5  -7  -8  -5  -2  -1  -1   1  -1  -2  -3  -4  -4  -5  -5  -5  -5  -4
DST0903*18  X220   0  -5  -8  -8  -4  -2  -1  -1  -4  -3  -3  -3  -3  -4  -2  -2   0   2   6   4   5   6   6   6   2  -1
DST0903*19  X220   0   2   5   6   6   7   6   3  -2  -5  -2   1   1   1   3   1   1   1  -2  -5  -6  -4   0   2  -3   1
DST0903*20  X220   0  -7  -7  -4  -3   1   5   7   8   8   3   0  -1  -1   2   4   3  -2  -8 -10  -6  -8  -2   1   0  -1
DST0903*21  X220   0   0   0   1   6  14  16  18  14  13  14   9 -12 -27 -24 -15 -12 -14 -19 -19 -17 -20 -26 -27 -25  -6
DST0903*22  X220   0 -24 -21 -22 -25 -24 -18 -12 -11  -9 -10 -11 -11  -8  -6  -5  -4  -6  -9 -10 -13 -13 -13 -14 -18 -13
DST0903*23  X220   0 -17 -15 -15 -16 -16 -14 -12  -8  -6  -6  -8  -8  -7  -5  -4  -4  -3  -4  -4   0   3   3   1  -5  -7
DST0903*24  X220   0  -3  -2  -2  -4  -9 -12 -13 -20 -23 -22 -25 -24 -13  -6  -7  -5  -8 -10 -14 -10  -9  -9  -8 -11 -11
DST0903*25  X220   0 -18 -17 -16 -13 -19 -21 -18 -15 -13 -11 -12 -11  -9  -5  -2  -5  -7  -8 -12 -13 -11  -8  -7  -6 -12
DST0903*26  X220   0  -6  -7  -9 -10 -14 -18 -17 -12  -7  -7  -7  -6  -5  -4  -2  -2  -4  -8 -10  -7  -6 -10 -12 -14  -9
DST0903*27  X220   0 -13 -13  -9  -7  -5  -4  -4  -5  -5  -5  -6  -7  -6  -3  -3  -4  -6 -13 -14 -15 -14 -13 -13 -11  -8
DST0903*28  X220   0 -12 -12 -12 -10  -7  -5  -5  -3  -1  -3  -7  -7  -3   3   6   6   3   1  -1  -4  -3  -1   3   5  -3
DST0903*29  X220   0   3   0  -3  -2  -2  -6  -7  -5  -4  -4  -4  -1   2   4   4   4   1   0   1   4   6   7   5   4   0
DST0903*30  X220   0   5   1   0   1   2  -2   0   0   0   1  -2  -5  -3   1   2  -1  -2  -1  -2  -2  -1   2   2  -1   0
DST0903*31  X220   0  -3  -3  -4  -4  -2  -1   0   3   6   8   6   2   1   4   3   3   1  -1  -1   1   3   7   7   5   2
DST0904*01  X220   0   1   1   0   3   4   5   5   5   4   4   1   2   7   9   9   9   8   8   8   9  10   8   7   4   5
DST0904*02  X220   0   1   2   3   3   2   1   0  -1   0   1   1   1   0  -2  -3  -2  -3  -4  -4  -5  -3   0   2   3   0
DST0904*03  X220   0   2   3   4   6   7   6   6   6   6   7   3  -1   0   1   2  -2  -5  -6  -5  -2   0   1  -1  -2   2
DST0904*04  X220   0  -4  -6  -5  -3   1   2   5   6   5   6   6   7   7   8   8   7   6   7  10  12  13  12  10   7   5
DST0904*05  X220   0   4   5   3   6  12  11   4   5   4   3   8   8   8   8   5   3   3   3   0   2   3   2  -1  -4   4
DST0904*06  X220   0  -4  -6  -7  -7  -4  -1   1   3   4   6   7   6   5   5   3   3   3   6   9   7   5   4   2   4   2
DST0904*07  X220   0   4   2   1   1   1   2   4   5   5   5   6   5   6   5   6   7   5   5   3  -1  -4  -5  -7  -4   2
DST0904*08  X220   0  -1   0  -1   0   1   2   3   4   4   8   9   8   8  13  15  15  20  22  20   8   3  -1   3   7   7
DST0904*09  X220   0  11   9   0  -7 -14 -12  -8  -4  -4  -9 -15 -13  -9  -7  -5 -11 -20 -23 -23 -26 -27 -25 -19 -16 -12
DST0904*10  X220   0 -15 -15 -13 -11  -8  -5  -5  -6 -10 -11 -11 -11  -8 -10 -12 -11  -9 -11 -13  -7  -1   0  -1  -8  -9
DST0904*11  X220   0 -13 -11  -9 -11  -7  -6 -10 -11 -11  -9  -6  -4  -3  -3  -8  -8 -11 -10  -8 -10 -10 -10 -13 -13  -9
DST0904*12  X220   0 -11 -11 -12 -12 -11  -7  -9 -11 -11  -9  -8  -7  -7  -6  -4  -3  -3  -7 -14 -14 -12 -13 -13 -15 -10
DST0904*13  X220   0 -18 -20 -19 -14 -11  -8 -10  -8  -7  -8  -9  -9  -9  -8  -3  -3 -10 -11 -13 -12 -13 -12 -12 -11 -11
DST0904*14  X220   0 -10  -7  -6  -5  -3  -1  -1  -2  -5  -7  -8  -7  -5  -3  -3  -5  -6  -6  -6  -5  -4  -4  -5  -4  -5
DST0904*15  X220   0  -3  -4  -4  -3  -2  -2  -2  -2  -4  -6  -6  -3  -3  -3  -1  -1  -3  -3  -4  -5  -4  -6  -8  -6  -4
DST0904*16  X220   0  -6  -6  -8  -8  -5  -3  -7 -11  -9  -6  -6  -4  -1  -1   2   8  10  -2   1   1  -1  -3  -2  -8  -3
DST0904*17  X220   0  -6  -5  -2   0   1   4   6   2   1   0  -2  -4  -6  -5  -3  -4  -4  -1   0  -1  -3  -1  -4   3  -1
DST0904*18  X220   0   3   3   0  -1  -6 -15 -25 -21 -17 -15 -11 -11 -10  -7  -5  -4  -3  -4  -5  -5  -6  -9 -12  -7  -8
DST0904*19  X220   0  -8 -10  -9  -8  -8  -8  -7  -7  -7  -6  -5  -2   0   1   3   4   7   5   4   1  -1  -2  -4  -3  -3
DST0904*20  X220   0  -4  -4  -2   0   0  -2  -1   0   1  -1  -2  -5  -6  -6  -5  -5  -4  -4  -5  -6  -3  -3  -2  -2  -3
DST0904*21  X220   0  -4  -5  -4  -2  -1  -3  -2   1  -1  -1   1   4   5   4   2   0  -1  -3  -2  -3  -4  -3  -4  -3  -1
DST0904*22  X220   0  -2  -5  -5  -2   1   0   0   0  -2  -3  -1  -3  -7  -6  -4  -2   0   2   3   2  -1  -3  -5  -2  -2
DST0904*23  X220   0   0   0  -1  -1  -1  -2  -2  -2  -3  -3  -3  -3  -3  -4  -2  -1  -1   2   3   7   7   5   5   6   0
DST0904*24  X220   0   8  17  13  10  10   8   6  11  12  12  14  11  10   6   5   8   4   0  -4  -3  -1   1   3   4   7
DST0904*25  X220   0   3   2   1   2   1   4   2   0  -1  -1  -2  -3  -6  -8  -9  -8  -6  -2  -1  -4  -5  -9  -7  -4  -3
DST0904*26  X220   0  -3  -2  -3   0   2   0   1  -1  -2  -2  -1   1   0   0   0   1   5   9  10  10   7   5   4   0   2
DST0904*27  X220   0  -8 -12 -12 -10 -10 -10 -11 -10 -10  -9  -9  -7  -7  -6  -5  -1   2   4   3   3   2   2   3   3  -5
DST0904*28  X220   0   3   4   5   4   3   1   1   2   4   5   4   1   1   1   2   5   5   5   4   5   6   6   7   7   4
DST0904*29  X220   0   8   6   7   7   8   9  11  10   8   2  -3  -6  -4  -2  -1  -1  -2  -1   0   3   3   4   4   2   3
DST0904*30  X220   0  -3  -3  -3  -1  -2  -2  -1  -1  -1   0  -1  -2  -1   0  -1  -1   0  -3  -5  -6  -4  -2   0   1  -2
DST0905*01  X220   0   4   5   7   8   8   8   6   5   3   2  -1  -1   0  -3  -5  -4  -3  -4  -3  -3  -2   0   2   0   1
DST0905*02  X220   0  -1  -1  -3  -4  -3  -2  -4  -5  -5  -4   1   5   8   7   7   9   9   8   5   4   3   3   7   5   2
DST0905*03  X220   0   2   4   7   8   8   5   3   4   3   0   0   0  -2  -3  -3  -3  -1  -1   0   1   3   5   7   4   2
DST0905*04  X220   0   3   2   0   0   2   5   5   2   0   0  -5  -5  -5  -8  -7  -5  -3  -6  -7  -6  -5  -6  -5  -3  -2
DST0905*05  X220   0  -3  -3  -2   1   2   3   2   3   4   6   5   6   5   3   0   0  -1   4   7   8  10  10  11  15   4
DST0905*06  X220   0  16  12   8   6   5   4   2   0  -2  -1   0   0   1   1  -1  -1   0   6   4  -4  -4  -3  -2  -3   2
DST0905*07  X220   0  -5  -9  -7  -8 -11 -10 -11  -9  -9  -9  -8  -9  -9  -9  -9  -8  -7  -6  -7  -8  -2   2   1  -6  -7
DST0905*08  X220   0 -12 -12 -10 -11 -16 -26 -26 -26 -21 -19 -19 -19 -19 -19 -18 -17 -17 -19 -21 -24 -22 -19 -13 -10 -18
DST0905*09  X220   0 -10  -9  -7  -4  -6  -9  -6  -7  -9 -10 -14 -14 -11 -10 -12 -14 -15 -16 -17 -20 -20 -21 -18 -16 -12
DST0905*10  X220   0 -15 -15 -14 -13 -11 -11 -11 -11  -8  -7  -7  -8  -8  -9 -12 -12 -10  -9 -10 -15 -16 -12  -8  -4 -11
DST0905*11  X220   0  -7  -6  -6  -5  -5  -5  -6  -4  -6  -9  -9  -9 -11 -13 -14 -14 -14 -15 -15 -16 -15 -14 -11 -12 -10
DST0905*12  X220   0 -11  -8  -6  -5  -6  -7  -6  -7  -7  -8  -8  -7  -6  -6  -5  -5  -5  -5  -6  -7  -7  -6  -4  -7  -6
DST0905*13  X220   0  -7  -6  -1   0   1   1   3   4   0   0  -1   0   0   0   2   8   7   0   0  -1  -2  -1   1   1   0
DST0905*14  X220   0   1   1   1   1  -2   0   3   3   3   3   4   9  -4  -4  -3  -2   2   2 -10 -17 -19 -16 -11 -10  -3
DST0905*15  X220   0  -8  -6  -3  -4  -6  -6  -3  -1   0  -2  -2  -4  -6  -5  -3  -5  -6  -7  -7  -6  -4  -3  -2  -2  -4
DST0905*16  X220   0  -2  -2   0   0   0   2   5   6   5   4   2  -1  -2  -3  -4  -2  -3  -4  -4  -7  -5  -7 -10 -11  -2
DST0905*17  X220   0  -9  -8  -6  -6  -6  -5  -3  -2  -2  -3  -5  -6  -6  -5  -3  -2  -3  -5  -5  -4  -2   2   6   5  -3
DST0905*18  X220   0   4  -1  -1  -1  -2  -3   0   3   5   7   5   5   6   7   7   7   7   2  -1  -3   1   5   6   6   3
DST0905*19  X220   0   1   2   0  -2  -6  -8  -9 -10  -9  -7  -7 -10 -11 -12 -12 -10 -10 -11 -12 -11  -7  -2   3   4  -7
DST0905*20  X220   0   4   5  10   7   7  10  10   9   9   8   6   5   6   7   8  11  11   7  11  12  12  11  12  15   9
DST0905*21  X220   0  20  18  15  13  11   9   7   5   5   5   2   1  -2  -2   2   4   3   2   0  -1  -3  -3  -2  -1   5
DST0905*22  X220   0   1   1   2   4   4   4   3   3   0  -4  -5  -9  -6  -7  -9  -9  -8  -9  -6  -7  -6   0   1   1  -3
DST0905*23  X220   0   1   1  -2  -5  -7  -8 -10 -11 -10  -9  -7  -8  -8  -8  -7  -5   0   0  -5  -7 -10  -8  -6  -5  -6
DST0905*24  X220   0  -6  -7  -5  -3  -3  -4  -6  -5  -4  -3  -4  -6  -6  -8  -6  -4  -4  -7  -8  -7  -4  -2  -1  -2  -5
DST0905*25  X220   0  -4  -6  -4  -3  -2  -2  -2  -3  -3  -1  -1   1   2   2   3   5   4   0  -2  -3  -1  -6  -6  -5  -2
DST0905*26  X220   0  -2   2   3   3   2   3  -1   0   4   6   7   7   4   0  -2  -1  -1  -1   1   1   0  -1  -2  -3   1
DST0905*27  X220   0  -4  -3  -2  -1   0  -1   0   0  -1   1   1   1   1   1   2   2   1   1   0   0   1   0  -2  -1   0
DST0905*28  X220   0   1   2   3   2   1  10  11  13   8   5  -4  -9 -10 -10  -9  -8 -10  -9  -7  -8  -8  -6  -5  -5  -2
DST0905*29  X220   0  -5  -5  -4  -4   1   3   4   1   3   4   1  -3  -6  -7  -9  -7 -10 -12 -14 -17 -16 -15 -11  -9  -6
DST0905*30  X220   0  -8  -7  -8  -8  -8  -6  -1   3   4   4   1  -1  -2  -1   0   1   2   0  -2  -3   0   4   7   8  -1
DST0905*31  X220   0   6   3   1   3   5   5   4   3   3   4   6   5   3   2   3   4   3   2  -1  -4  -3  -3  -2  -3   2
DST0906*01  X220   0  -3  -4  -4  -5  -5  -5  -5  -3  -2  -1  -2  -3  -4  -3  -1   0  -1  -2  -4  -6  -4  -4  -3   0  -3
DST0906*02  X220   0   1  -1   0   2   4   6   7   6   7   6   5   4   2   2   0   0   2   1   1   4   6   6   7   7   4
DST0906*03  X220   0   7   7   5   6   8   7   7   8   9  12  13  14  15  15  15  12  12   9   6  11   6  -1   6  11   9
DST0906*04  X220   0  14  11   4  -1  -4  -5  -5  -4  -2   0   0  -3  -7  -9  -9 -10  -9  -9  -9 -11 -14 -17 -19 -13  -5
DST0906*05  X220   0  -9  -5  -5  -6  -7  -9 -12 -12 -14 -14 -16 -17 -13 -15 -18 -21 -21 -16 -15 -12 -11 -10  -8  -4 -12
DST0906*06  X220   0   0   0  -3  -4  -4  -7 -12 -10  -6  -2  -4  -6  -7  -4  -3  -1   0   0   1   0  -1  -2  -2  -2  -3
DST0906*07  X220   0  -2  -6  -7  -6  -2  -3  -3   0   6  11  11   1  -3  -5  -4  -1   2   6   5   4   2  -4  -5  -3   0
DST0906*08  X220   0  -2  -2  -2  -2  -4  -5  -6  -6  -5  -1   0  -1  -1   1   0  -2  -6  -6  -4  -3  -2  -2  -1   1  -3
DST0906*09  X220   0   1   1   1   1   0   0   1   3   5   8   6   5   5   5   3   4   7   7   9  10  10   8   6   7   5
DST0906*10  X220   0   8  10   8   6   7   8   5   3   2   3   4   6   5   5   5   5   4   4   5   6   5   1  -2   0   5
DST0906*11  X220   0   3   4   5   5   5   7   7   4   3   3   3   4   5   6   4   5   5   6   6   6   5   3   5   5   5
DST0906*12  X220   0   3   4   4   5   6   4   4   4   5   3   4   4   3   1   1   2   3   5   8  11  12  10  10  11   5
DST0906*13  X220   0  10   8   9  11  12  13  10   9  10  11  11  10   5   4   6   4   2   2   4   3   2   2   3   7   7
DST0906*14  X220   0   9   8   7   6   7   9   8  11  12  11   6   2   4   5   6   6   6   4   5   8  10   5   1   1   7
DST0906*15  X220   0   1   0  -3  -8  -8  -6  -2  -2  -3   0   2   3   4   3   3   1   0  -3  -2  -2   0   2   4   5   0
DST0906*16  X220   0   3   1   1   1   2   3   5   9  11  13  14  11  12  15  13   9   9   8   8   8   7   7   7   9   8
DST0906*17  X220   0  10  10   7   4   2   3   3   2   2   1   1   1   1   1   2   2   5   6   4   3   5   7  10   8   4
DST0906*18  X220   0   3   1   1   1   2   0   0   2   4   3   3   4   5   3   3   3   4   5   6   8  10   8   5   0   4
DST0906*19  X220   0  -1  -1   0   3   7  10  10   9  10  12  12   9   6   5   4   4   5   3   5  10  10   9   7   5   6
DST0906*20  X220   0   3   2   0   1   6  15  17  10  12  14  12  12  13  11  10   9  14  18  18  16  14  11  13  16  11
DST0906*21  X220   0  13   9   6   6  11  16  22  10  10   7   3   0  -1   5   9   5   3   1  -1  -3  -2   0   2   2   6
DST0906*22  X220   0   4   2   3  -1   1   5   4   3   0  -1   1   3   4   6   6   5   3   2   3   2   2   1  -1   0   2
DST0906*23  X220   0   1   6   8   9  10   9   7   8  11  16  19  18  20  21  13  14  15  17  18  21  24  34  33  21  16
DST0906*24  X220   0  18  21  29  28  42  32  21   6   7   8   7  15  12  11  11  15  20  29  36  20  -7 -12 -14  -9  14
DST0906*25  X220   0  -7  -8  -6  -5  -7  -6  -5  -5  -5   1   4   3   3   0   2   4   3   2  -1  -4  -9 -13 -14 -13  -4
DST0906*26  X220   0 -14 -14 -11  -6  -4  -5  -6  -6  -6  -5  -5  -5  -4  -3  -1  -2  -4  -4  -4  -4  -3  -5  -7  -9  -6
DST0906*27  X220   0  -7  -4  -2   0   1   0   0  -2  -2  -1   0  -1   5   9   8   6  11  13  10   9   6   6   3  -1   3
DST0906*28  X220   0  -5   3   5   8   7  13  13  10   6   5   2   4   6  11  12   4   1   5  -2  -9 -14 -13 -20 -28   1
DST0906*29  X220   0 -27 -26 -23 -20 -19 -22 -20 -18 -19 -15 -13 -14 -11  -9  -9 -11 -12 -10 -11 -10 -10 -13 -13 -13 -15
DST0906*30  X220   0 -15 -15 -14 -13 -11 -10 -11 -14 -15 -11  -8 -10 -12 -10  -8  -8 -11 -16 -20 -23 -17 -11  -6  -6 -12
DST0907*01  X220   0  -5  -3  -3  -6  -9  -9 -10  -9  -8  -5  -5  -6  -8 -11 -12 -11  -9  -7  -6  -5  -8  -9 -11 -12  -8
DST0907*02  X220   0  -9  -8  -6  -9 -11 -11 -10  -9  -7  -6  -7  -7  -7  -7  -8  -7  -6  -4  -6  -7  -9 -10  -9  -7  -8
DST0907*03  X220   0  -5  -6  -5  -5  -5  -5  -5  -4  -4  -4  -4  -7 -13  -5  -5 -14 -12  -8  -6  -5  -6  -3  -6  -5  -6
DST0907*04  X220   0  -6  -7  -9  -9 -10  -9  -7  -6  -3  -3  -4  -7 -11 -12 -11  -5  -3  -3  -2  -2  -1   1  -1   1  -5
DST0907*05  X220   0   4   5   2   1  -1  -2  -2  -1   1   1   1   0   0  -1  -1   0   3   3   2   0  -1  -7  -5  -1   0
DST0907*06  X220   0   2   2  -2  -1  -3  -5  -3  -2  -2  -1  -2  -3  -5  -6  -4  -4  -4  -6  -5  -6  -9 -10 -12 -12  -4
DST0907*07  X220   0 -12  -9  -8  -4  -1   2   2   3   4   6   3   4   6   8   7   4   2   1   1  -1  -2  -2  -2  -3   0
DST0907*08  X220   0   0   1   2   0  -3  -5  -5  -7 -10 -12 -11 -11 -11 -10  -8  -7  -6  -6  -6  -8 -10 -13 -16 -15  -7
DST0907*09  X220   0 -11  -8  -4  -2  -2  -4  -5  -5  -4  -3  -2   1   1   0  -1  -2  -3  -1   3   2   8   5   5   5  -1
DST0907*10  X220   0   9  11  21  18   7  -6  -6  -4  -6  -4   0   1   1   3   6   6  -1  -3  -3  -1  -3  -4  -6  -6   1
DST0907*11  X220   0  -4  -2   1   3   2  -1  -1  -1   1   0   0   2   2   0  -2  -2  -3  -3  -3  -3  -2  -3  -4  -1  -1
DST0907*12  X220   0   0   2   3   2   1  -3  -4  -1   0   1   2   1   2   1   0   1   2   5   5   3   0   0   3   3   1
DST0907*13  X220   0   5   5   4   3   3   4   5   5   6  12  14  20  21  14   4  -1  -2   2   7   7   8  12   5  -1   7
DST0907*14  X220   0  -2 -11 -25 -22 -15 -15 -16 -16 -13 -10  -8 -11 -11 -15 -14 -13 -12 -14 -13 -13 -10  -8  -9  -9 -13
DST0907*15  X220   0 -10 -11 -12 -13 -14 -13  -9  -5  -3  -1   0  -2  -5 -10 -11 -10  -9  -8  -7  -9 -10 -12 -10  -9  -8
DST0907*16  X220   0 -11  -9  -5  -4  -3  -5  -6  -6  -7  -5  -7  -8  -8  -8  -5  -3  -4  -5  -7  -9  -5  -5  -5  -5  -6
DST0907*17  X220   0  -7  -7  -6  -5  -5  -5  -5  -5  -4  -4  -4  -3  -3  -4  -5  -4  -2  -2  -1   1   2   0   0   0  -3
DST0907*18  X220   0   0   0   0   0   1   1   1   1   1   3   4   4   5   6   8   6   5   4   3   2   3   5   6   9   3
DST0907*19  X220   0   9   7   6   5   4   5   4   3   0   0  -1  -1   0   3   5   4   1   0   1   2   3   3   4   5   3
DST0907*20  X220   0   5   6   7   8   7   8  12  14   9   2  -4  -8 -12 -14 -15 -17 -22 -19 -17 -13 -11 -11 -11 -10  -4
DST0907*21  X220   0  -5  -2   2   4   4   3  -1  -2   0   1  -3  -7  -8  -7  -3  -4  -4  -7  -7  -7  -1   3   5   2  -2
DST0907*22  X220   0   3   1  -8 -27 -55 -80 -83 -69 -75 -81 -65 -57 -54 -54 -56 -56 -57 -57 -57 -55 -51 -48 -46 -43 -51
DST0907*23  X220   0 -40 -37 -35 -36 -34 -32 -30 -33 -32 -30 -24 -20 -23 -25 -24 -21 -18 -20 -20 -21 -25 -24 -25 -23 -27
DST0907*24  X220   0 -25 -24 -19 -17 -16 -18 -19 -21 -19 -18 -18 -20 -22 -23 -21 -20 -18 -17 -16 -15 -13 -13 -18 -19 -19
DST0907*25  X220   0 -18 -21 -24 -21 -22 -18 -18 -17 -17 -17 -17 -15 -18 -18 -16 -15 -13 -12 -13 -15 -15 -13 -13 -14 -17
DST0907*26  X220   0 -17 -16 -15 -15 -16 -16 -17 -16 -15 -13 -13 -12 -12 -14 -14 -14 -13 -13 -12 -12 -10  -9  -8  -9 -13
DST0907*27  X220   0  -9 -10  -9  -8  -7  -9 -12 -11 -10  -9  -9 -11  -9  -9  -8 -12 -15 -13 -10 -12 -13 -18 -17 -12 -11
DST0907*28  X220   0  -7  -5  -5 -10 -14 -14 -14 -14 -13 -14 -13  -8  -6  -7 -10 -14 -15 -15 -14 -12  -9  -7  -9 -10 -11
DST0907*29  X220   0 -11 -12 -12 -12 -14 -12 -12 -11 -10  -8  -8  -9  -9  -8 -10 -12 -14 -14 -13 -10  -7  -4  -3  -5 -10
DST0907*30  X220   0  -8  -9  -5  -5  -6  -8  -9  -8  -7  -2   4   4   5   9  13  13   9   6   4   6  10  12  13  11   2
DST0907*31  X220   0   4   0  -3  -5  -6  -5  -4  -7 -11  -8  -2   0   0  -3  -2  -8  -9 -11 -12 -12 -12 -14 -14  -9  -6
DST0908*01  X220   0  -6  -5  -6  -7  -7  -9  -5  -2   0   3   2   2   0  -2  -3  -5  -5  -5  -3   1   2   1   0   2  -2
DST0908*02  X220   0   2   3   2  -2  -7  -7  -7  -7  -5  -7  -7  -5  -4   0   1  -1  -3  -7  -5   0   6   7   4  -1  -2
DST0908*03  X220   0   0  -3  -5  -4  -7 -12 -15 -16 -18 -17 -18 -16 -13  -9 -10 -10 -10  -9 -10 -10  -7  -7  -6  -5 -10
DST0908*04  X220   0  -5  -7  -8  -9  -7  -6  -5  -4  -4  -3  -3  -3  -5 -10 -10  -7  -7  -8  -9  -9  -9 -12 -12  -9  -7
DST0908*05  X220   0  -8 -10  -9  -9 -12 -16 -20 -18 -16 -13 -11  -7  -3  -3  -3   3   2   3   6   7   9  10  15  15  -4
DST0908*06  X220   0  14  24  27  18   2 -10 -31 -36 -25 -17 -19 -17 -10  -7 -12 -14 -16 -17 -15 -13 -11 -10 -11 -11  -9
DST0908*07  X220   0  -7 -10 -12 -12 -15 -15 -15 -14 -15  -9  -6   0  -3  -9 -10 -11  -8  -9 -11 -13 -12 -15 -17 -10 -11
DST0908*08  X220   0  -7  -6  -3  -5 -10 -13 -12 -11 -10 -10 -10 -12 -11  -9  -9  -9  -7  -6  -6  -6  -3  -2   0   3  -7
DST0908*09  X220   0   4   1   5   0  -7 -15 -16 -13 -13 -17 -21 -20 -16 -15 -13 -12 -13 -16 -16 -16 -15 -13 -10 -10 -12
DST0908*10  X220   0 -11 -12 -15 -13 -13 -13 -12  -9  -8  -6  -8  -9  -8  -7  -5  -4  -2  -1  -4  -2   1   1   2   4  -6
DST0908*11  X220   0   4   0   0  -1   0   0  -1   0   1   1   1  -2  -4  -4  -3   0   1  -3  -6  -5  -4  -4  -4  -4  -2
DST0908*12  X220   0  -1  -2  -3  -5  -5  -6  -3  -3  -5  -7  -8 -10 -12  -8  -4  -1   0  -2  -4  -4  -4  -7  -9  -9  -5
DST0908*13  X220   0 -11 -13 -11  -8  -7  -9 -10 -10 -10 -10  -9  -4  -2  -3  -4  -6  -6  -7  -6  -2  -2  -2  -4  -5  -7
DST0908*14  X220   0  -5  -8 -11 -13 -10 -12 -12 -10  -9 -10 -11 -10  -7  -3  -2  -2  -5  -7  -7  -7  -6  -5  -6  -6  -8
DST0908*15  X220   0  -6  -6  -6  -5  -5  -4  -6  -7  -7  -4  -3  -2  -3  -3  -3  -2  -2  -3  -4  -7  -6  -2   0   1  -4
DST0908*16  X220   0   2   0  -2  -3  -5  -3  -1   2   2   2   0  -4  -5  -5  -5  -6  -4  -4  -2  -1  -2  -3  -2   0  -2
DST0908*17  X220   0   1   0  -1  -1   2   3   4   6   8   9  10  11  10  12  11  11  12  13  11   9   6   3   5   4   7
DST0908*18  X220   0   4   3   3   1  -2  -3  -2   2   1   1   0   2   2   1   3   4   4   2   3  -1  -1  -4  -3   0   1
DST0908*19  X220   0   3   4   1   1   1   2   3   5   8  12  12   3 -10 -18 -16 -23 -26 -24 -24 -22 -18 -21 -17 -16  -8
DST0908*20  X220   0 -12 -11 -12 -18 -14 -10  -6  -8  -9  -6  -7  -6  -6  -9 -11 -11  -8  -5  -4  -3  -3  -6  -8  -9  -8
DST0908*21  X220   0 -12 -16 -16 -13 -13 -11 -11 -10  -9  -9  -7  -4  -2  -1 -10 -16 -15 -17 -14 -12 -12 -13 -13  -7 -11
DST0908*22  X220   0  -4  -2  -2  -4 -12 -14  -8  -6  -5  -4  -6  -7  -7  -7  -7  -5  -2   0  -2  -4  -7 -11 -14 -12  -6
DST0908*23  X220   0  -9  -7 -10 -11 -10 -11 -14 -14 -11 -10 -10  -9  -7  -6  -6  -8  -7  -5  -5  -4  -4  -6  -8  -9  -8
DST0908*24  X220   0  -9 -10 -10  -9  -8  -8  -7  -6  -5  -6  -5  -3  -1   2   2   2   1   2   0   0  -1  -4  -6  -8  -4
DST0908*25  X220   0  -7  -5  -6  -4  -2   4   4   3   3   3   2   1   0   0  -3  -7  -6  -3  -2  -1  -1  -2  -3  -1  -1
DST0908*26  X220   0  -1  -4 -10 -14 -17 -19 -17 -19 -21 -19 -13 -11  -9  -8  -7  -7  -5  -5  -4  -1   0  -2  -3  -3  -9
DST0908*27  X220   0  -2  -5  -6  -6  -5  -2   1   4   6   7   6   7   6   5   4  -4 -11 -14 -15 -15 -14 -14 -11 -11  -4
DST0908*28  X220   0 -10 -11 -12 -13 -14 -13 -11  -9  -8  -8 -10  -8  -8  -8 -10 -12 -10  -6  -2  -1  -1  -3  -5  -6  -8
DST0908*29  X220   0  -6  -8  -7  -5  -4  -4  -5  -4  -2  -4  -3  -2   0  -1  -1  -1   0  -1   0   5   7   4   3   6  -1
DST0908*30  X220   0   8  13  17  16  11   9   7  -1 -12 -25 -19 -14 -13 -12  -9 -22 -29 -25 -23 -26 -25 -22 -25 -26 -10
DST0908*31  X220   0 -23 -16 -17 -20 -18 -16 -14 -10  -6 -13 -16 -12  -6  -4  -3  -5 -10 -12 -12 -12  -8  -8  -7  -7 -11
DST0909*01  X220   0  -8  -7  -3  -3  -4  -5  -3  -3  -4  -7  -9 -10  -8  -9  -8  -9  -8  -9  -6   0   1  -3  -4  -4  -6
DST0909*02  X220   0  -4  -5  -7  -8  -8  -9  -7  -3   1   1  -2  -3  -1   3   2  -2  -1   0  -2  -6  -8  -7  -8  -7  -4
DST0909*03  X220   0  -7  -6  -3   0   0  -2  -1  -3  -3  -3  -5  -3  -1   1   0   1  12  10   4   4  10   4  -7  -3   0
DST0909*04  X220   0   3   1   0   2   2  -2  -6  -8  -4  -7  -5  -2  -2  -3  -6  -5  -6  -5  -6  -7  -5  -7  -8  -7  -4
DST0909*05  X220   0  -6  -5  -3  -3  -4  -6  -5  -4  -4  -5  -6  -6  -5  -6  -4  -2  -2  -4  -5  -5  -5  -8  -8  -9  -5
DST0909*06  X220   0  -7  -5  -2  -2  -2  -1   0   3   2   2   2   1   1   3   5   6   4   2   2   0  -4  -5  -5  -6   0
DST0909*07  X220   0  -5  -3   0   3   3   1   1   2   1  -1  -3  -2   1   5   7   5   2  -2  -3  -5  -6  -6  -6  -3  -1
DST0909*08  X220   0  -2  -2  -2   0  -1  -1   1   3   3   5   4   5   7  12  15  14  11   6   2   1  -2  -5  -5  -5   3
DST0909*09  X220   0  -2  -1   2   1   1   1   2   3   3   3   3   4   6   7   8   7   4   1   0   2   1   0  -2  -2   2
DST0909*10  X220   0   0   0   3   4   4   2   3   5   6   7   7   8   7  10  10   7   4   3   1   1   2   0  -2  -3   4
DST0909*11  X220   0  -2  -2  -2  -4  -6  -6  -4  -1   0  -1  -5  -7  -4  -1   0   6   8   4  -3 -10 -14 -13 -10  -7  -4
DST0909*12  X220   0  -4  -3  -1  -1  -4 -11 -13 -10  -5  -3  -1   0   0   1   1  -1  -2  -1  -2  -5  -6  -4  -4  -4  -3
DST0909*13  X220   0  -4  -2  -1  -4 -10 -11  -8  -6  -5  -3  -1   3  10  17  17  12   7   2  -2  -3  -7 -12 -10 -10  -1
DST0909*14  X220   0 -11 -10  -9  -7  -8  -6  -4  -4  -2   1   1   5   9   9   9   8   3  -2 -10 -14 -14 -13 -10  -9  -4
DST0909*15  X220   0  -4   1   4   0  -4  -9  -8 -12 -14 -11 -10  -8  -7  -6  -7  -9  -8  -5  -5  -6  -7  -8 -10 -11  -7
DST0909*16  X220   0  -7  -1   3   2   0  -3  -4  -9 -15 -14 -13 -11  -9  -6  -5  -3  -4  -5  -6  -5  -3  -5  -3  -2  -5
DST0909*17  X220   0  -5  -5  -6  -4  -5  -7 -11 -11  -8  -6  -5  -4  -1   1  -1  -2  -1  -2  -4  -6  -9 -10  -9  -8  -5
DST0909*18  X220   0  -3   2   6   6   4   1   1   1   0  -1  -1   2   4   3   4   3   2   2   0  -2  -4  -6  -6  -6   1
DST0909*19  X220   0  -2   4   7   7   5   2  -2  -5  -6  -4  -4  -6  -5  -6  -6  -6  -4  -2  -1  -2  -2   2   2   4  -1
DST0909*20  X220   0   3   3   2   4   4   2   2  -1   1   4   5   6   4   3   3  10  15  15  16  12   7  -1  -5   0   5
DST0909*21  X220   0  -1  -4  -5  -3  -2  -3  -2  -6 -15 -22 -19 -16 -13 -15 -13 -14 -14 -14 -16 -16 -16 -17 -17 -17 -12
DST0909*22  X220   0 -15 -12  -7  -5  -3  -4  -5  -6  -6  -6  -6  -6  -7  -6  -5  -3  -3  -5  -7  -9 -11 -12 -12 -12  -7
DST0909*23  X220   0 -11  -9  -8  -7  -6  -5  -5  -4  -4  -5  -7  -8  -7  -5  -3  -1  -2  -3  -3  -4  -2  -3  -4  -6  -5
DST0909*24  X220   0  -8  -8  -6  -5  -5  -4  -1   1   3   5   4   2   2   1   0   1   3   3   3   2   2   2   2   3   0
DST0909*25  X220   0   4   3   3   2   2   6   6   6   4   5   8   8   7   9   8   6   4   1   2   3   4   3   5   5   5
DST0909*26  X220   0   4   4   5   5   5   5   6   7   8   6   6   5   8  12  13  16  16  13  11  11   9   7   7   9   8
DST0909*27  X220   0   9  13   7  -6  -4  -2   0  -3  -9 -15 -16 -15 -12  -7   0   0  -3  -7  -8  -5  -4  -1   1   1  -4
DST0909*28  X220   0   3   4   6   6   9   9   7 -10 -12 -11  -5  -1   2  -2  -4  -3  -3  -4  -4  -5 -10 -13 -11  -5  -2
DST0909*29  X220   0  -2  -1  -1  -4  -6  -7  -6  -6  -6  -5  -2   1   2   1   1   3   4   3   3   1  -2  -4  -5  -5  -2
DST0909*30  X220   0  -2   2   7   7   7  10   5   3   2   5   6   7   9   0   4   5   2   3  -1   1  -3  -7  -4  -2   3
DST0910*01  X220   0  -3  -4  -6  -7  -9  -9  -6  -4  -3  -3  -3  -2   0   1   4   6   6   4   3   1   0  -1   0   1  -1
DST0910*02  X220   0   0  -5 -11 -12  -7  -7  -6  -7  -8  -8  -8  -9  -8  -5   2   5   6   4  -1  -3  -3  -3  -2  -1  -4
DST0910*03  X220   0   1   3   3   1  -1  -2  -1   1   3   3   2   1   2   3   2   4   4   2   0   0   4   8  11  12   3
DST0910*04  X220   0  12   9   7   5  13  14  14  14  14  16  23  15   5   6   8  10   9  10  10   9   7   5   5   5  10
DST0910*05  X220   0   4   6   5   1   0  -1  -2  -2  -2  -2   0   1   1   0   2   2   3   3   3   5   5   4   5   7   2
DST0910*06  X220   0   8   9   7   3   0  -2  -1   0  -2  -3   0   0   1   1   1   2   3   3   5   5   3   3   4   5   2
DST0910*07  X220   0   6   6   3   0   0   2   4   5   3   4   8  11  11  12  13  10   9  10  11  12   9   8   6   5   7
DST0910*08  X220   0   3   3   1  -2  -5  -4   1   4   3   5   8  10  11  11  12  10   9   8   8   7   4   3   6   6   5
DST0910*09  X220   0   7   7   4   1  -2  -4  -3  -2  -2  -1   1   3   3   2   0  -2  -3  -4  -4  -5  -6  -6  -5  -2  -1
DST0910*10  X220   0  -1  -3  -5  -6  -6  -4  -3  -4  -5  -4  -1   0   0   0  -2  -3  -3  -3  -2   0   0   0   3   4  -2
DST0910*11  X220   0   8  15  17  25  23  27  26   7   2  -1   3   7   8   7   6   4   4   3   1  -2  -5  -7  -5  -1   7
DST0910*12  X220   0   0  -2  -1   0  -2  -1  -2  -3  -2  -2  -1   0   1   1   2   2   2   3   2   3   3   4   7   7   1
DST0910*13  X220   0   4   1  -3  -3  -2   1   3   2   2   3   4   3   5   6   7   4   3   2   0   0   0  -1   0  -2   2
DST0910*14  X220   0  -2  -2  -3  -3  -3  -2  -2  -3  -1   2   1   0  -1  -2  -2  -2   0   3   6   6   6   7   7   7   1
DST0910*15  X220   0   7   5   2   3   2   0   1   6  13  13  16  17  19  18  19  18  14   6  -1  -1  -2  -1   1   2   7
DST0910*16  X220   0  -1  -5  -8  -9  -8  -7  -7  -5   0   3   6   5   3   3   4   3   1  -2  -2   0   1   2   3   2  -1
DST0910*17  X220   0   0  -2  -3  -3  -4  -4  -2  -2  -1  -2  -3  -2   0   2   4   4   4   4   5   6   5   2   3   2   1
DST0910*18  X220   0   0   0   0   0   0   2   4   3   2   1   2   3   2   2   3   3   5   4   5   4   4   3   3   3   2
DST0910*19  X220   0   3   3   2   3   5   6   8   8   8   9  10  12  11   9   7   7  10  10  10  11  10   9   8   7   8
DST0910*20  X220   0   3   0  -1   0   1   2   3   4   5   3   2   3   4   5   5   5   7   7   6   5   5   3   2   2   3
DST0910*21  X220   0   0  -1  -2  -3  -1   0   3   6   5   5   7   9  12  15  15  13  12  14  16  14  10  11  13  10   8
DST0910*22  X220   0  12   6  -1  -3   0  -4  -8 -13 -19 -21 -18 -14 -12  -4   3   4   3   1   5   0 -13 -22 -34 -38  -8
DST0910*23  X220   0 -43 -45 -47 -41 -27 -22 -21 -20 -20 -30 -28 -24 -20 -17 -16 -17 -18 -16 -12 -12 -13 -16 -18 -21 -24
DST0910*24  X220   0 -22 -20 -19 -17 -14  -8  -9  -6  -8  -7  -8  -7  -6  -5  -3  -1   5  17  16   2  -5 -10 -12 -13  -7
DST0910*25  X220   0 -20 -27 -29 -29 -27 -25 -23 -23 -21 -22 -21 -21 -20 -17 -16 -16 -14 -14 -12 -12 -11 -13 -11 -11 -19
DST0910*26  X220   0 -13 -15 -17 -17 -15 -12 -10 -13 -16 -17 -14 -10  -7  -5  -9  -6  -5  -6  -2  -1  -3  -7 -10 -11 -10
DST0910*27  X220   0 -13 -14 -16 -14 -13 -11  -9  -7  -9 -10  -8  -7  -8  -6  -5  -7  -9  -6  -3  -2  -4  -2   0   0  -8
DST0910*28  X220   0  -3  -6  -7  -6  -9 -10 -11 -13 -14 -17 -16 -11  -9  -7  -4  -1   0  -1  -2  -3  -6  -6  -5  -5  -7
DST0910*29  X220   0  -6  -6  -3   0   1   6   3   1   4   8  13  12  11  14  11   8   3   3   7   3   1   2   0  -2   4
DST0910*30  X220   0  -5 -15 -23 -29 -30 -32 -34 -34 -34 -29 -19 -16 -12 -18 -23 -21 -17 -17 -15 -13 -11  -9  -9 -12 -20
DST0910*31  X220   0 -14 -16 -14 -11 -10  -8  -6  -7  -9 -10  -9  -6  -4  -4  -3  -3  -4  -5  -6  -9 -10  -7  -8 -11  -8
DST0911*01  X220   0 -12 -13 -14  -9  -2  -3   0   3   1   1   1   2   3   0   0  -2  -4  -3   0   1   1   2   2  -2  -2
DST0911*02  X220   0  -3  -5  -6  -3  -2   2   4   2   8  11   5   4   3   5   4   2   0  -3   1   2   1   0  -1  -2   1
DST0911*03  X220   0  -3  -7 -10 -10  -9  -7  -6  -6  -6  -6  -4  -4  -5  -5  -3  -3  -3  -4  -4  -5  -5  -4  -2  -2  -5
DST0911*04  X220   0  -3  -4  -5  -4  -3  -3  -2  -1  -4  -8  -4   0   3   3   3   2   3   6   8   8   7   7   5   6   1
DST0911*05  X220   0   9   9   8   4   1   2   3   5   9  10  12  12  11   9   8   8   8   7   6   6   6   7   5   3   7
DST0911*06  X220   0   3   0   3   6   4   8   8   7   6   4   3   2   1   2   2   2   2   2   2   1   1   2   3   4   3
DST0911*07  X220   0   5   6   7   7   8   9   9   9   8   7   5   6   8   7   6   5   5   5   4   3   1   1   5   7   6
DST0911*08  X220   0  10  12  14  15  15  14  15  15  15  13   4  -6  -8 -13 -14 -14 -15 -13 -15 -22 -26 -23 -14 -12  -2
DST0911*09  X220   0 -11  -9  -6  -4  -5  -8  -7  -8 -12 -18 -14  -9  -8  -8  -9 -11 -11  -8  -7  -7  -7  -7  -5  -4  -8
DST0911*10  X220   0  -3  -4  -5  -4  -5  -5  -3  -3  -5  -7  -6  -5  -4  -6  -7  -8  -9  -8  -7  -6  -7  -8  -6  -4  -6
DST0911*11  X220   0  -3  -2   1   0  -2  -4  -5  -5  -4  -5  -4  -4  -1   0   0  -1  -3  -3  -1   1  -1   0   2   5  -2
DST0911*12  X220   0   6   5   2   1  -2  -2  -3  -5  -6  -6  -5  -1   0  -2  -1  -1  -1   2   4   5   2   0  -1   0   0
DST0911*13  X220   0   2   2   2   0  -2  -1   0   1   1   0   0   2   6   8   7   7   4   2   0   0   4  11  13   9   3
DST0911*14  X220   0   7  10  10  10  11   8   6   8   1  -2  -5  -8  -4  -6  -9 -11 -11  -9  -5  -4  -3  -9 -13 -17  -2
DST0911*15  X220   0 -16 -16 -15 -15 -13 -10  -7  -3  -4  -5  -4   0   1  -1  -7 -10 -13 -17 -18 -15 -12  -9  -9  -9  -9
DST0911*16  X220   0  -7  -5  -4  -6  -7  -7  -8  -9 -10 -12 -10  -7  -5  -6  -7  -8  -8  -9  -9  -8  -7  -5  -5  -5  -7
DST0911*17  X220   0  -8  -9  -6  -4  -3  -3  -4  -6  -8 -10  -8  -5  -2  -3  -4  -5  -5  -4  -4  -5  -4  -3  -4  -3  -5
DST0911*18  X220   0   0   4   8  15  17  17  10   4   2   1   0   0   2   2   1   1   4   3   3   4   6   6  -1  -3   4
DST0911*19  X220   0  -1   1   2   1  -1  -1  -2  -4  -8  -9  -8  -5  -4  -4  -4  -3  -1   5  10  10   8   5   1  -4  -1
DST0911*20  X220   0  -5  -5  -4  -1   0   1   2   1   0   0   1   3   6   5   3   0  -2  -1   1   5   6   7   7   7   2
DST0911*21  X220   0   1  -6  -4   1   5   3   2  -7 -12 -11  -8  -5  -4  -2  -2  -3  -4  -1  -1  -1  -4  -6  -3  -3  -3
DST0911*22  X220   0  -6  -7  -6  -3  -3  -4  -5  -5  -7  -7  -7  -5  -1  -2  -6  -7  -6  -4  -2  -2  -2  -4  -5  -2  -5
DST0911*23  X220   0   1   0   0   0  -2  -2  -3  -4  -5  -6  -5  -6  -6  -3  -3  -2  -1  -1  -1  -1  -1  -2  -3  -3  -2
DST0911*24  X220   0  -1   2   4   6   3   3   3   5   4   1   2   4   4   6  10   7   7   3   0  -2  -5  -9  -9  -7   2
DST0911*25  X220   0 -11 -11 -12 -14 -17 -14 -12 -15 -17 -18 -16 -16 -11 -13 -14 -15 -16 -14 -13 -12 -14 -15 -13 -12 -14
DST0911*26  X220   0 -10 -10 -11 -10  -8  -9 -11 -10  -7 -11 -11  -9  -8 -11 -15 -19 -23 -25 -24 -19 -17 -11  -9  -8 -13
DST0911*27  X220   0  -9 -11 -11  -9  -6  -6  -7 -10 -13 -12 -10  -6  -5  -5  -4  -4  -5  -7  -8  -7  -5  -5  -7  -7  -7
DST0911*28  X220   0  -4  -3  -2  -2  -1   1  -1  -4  -4  -6  -8  -2   1   1   0  -2  -1  -1  -2  -2  -4  -3   0   2  -2
DST0911*29  X220   0   3   4   2   1   1   0  -1  -2  -2  -2  -2  -1   1   0   0  -2  -2  -1   0   1   1   3   3   3   0
DST0911*30  X220   0   4   2   0  -1  -1  -2  -3  -5  -7  -8 -10  -9  -7  -6  -7  -6  -6  -6  -4  -2  -2  -1   0   0  -4
DST0912*01  X220   0   2   3   3   3   2   2   0  -1  -1  -1   0   3   5   3   4   4   4   3   3   3   3   2   0   1   2
DST0912*02  X220   0   4   7  10   9   9   4   3   3   9  12  12  15  13  10   8   7   6   6   9  10   8   3   3   4   8
DST0912*03  X220   0   3   3   3   3   3   2   2   2   2   3   1   2   3   2   2   4   4   5   6   5   2   2   1   1   3
DST0912*04  X220   0   1   0   0   2   5   6   6   5   6   4   6   8  10   8   6   4   2   3   4   6   8   8   9   9   5
DST0912*05  X220   0  10  10  10  10   9  10   9  18  16  11   9   9  12  11  12  11  11   9   8   0  -4  -1   1   4   9
DST0912*06  X220   0   4   1  -3  -3  -1  -2  -3  -4 -10 -11  -7  -3  -1  -3  -2  -1  -2  -2   0   0   0   2   2   0  -2
DST0912*07  X220   0  -2   0   2   6  10  11   7   3   1   1  -1   0   2   3   3   1   3   1   4   4   2   0  -2  -3   2
DST0912*08  X220   0  -4  -3   0   0   1   1   2   1   0   2   3   4   4   3   1   2   3   5   5   5   5   4   1  -2   2
DST0912*09  X220   0  -2   0   3   5   5   7   9   9   8   5   4   2   1   1   1   4   4   6   8   7   5   4   1   1   4
DST0912*10  X220   0   1   2   3   6   6   5   7   7   6   6   7   8   8   6   6   4   2   2   3   4   4   5   4   5   5
DST0912*11  X220   0   5   3   3   5   5   4   4   4   3   4   4   4   4   4   6   7   5   7   7   5   4   4   3   1   4
DST0912*12  X220   0   0  -1  -1   2   3   3   6  10  12   9   7  10  11   8   8   9   9  14  19  20  19  14  10  11   9
DST0912*13  X220   0  13  12  13  14  14  12  13  14  15  15  12  10   7   3   2   2   1  -1  -2  -1  -2   1   1   1   7
DST0912*14  X220   0   1   0   0  -1  -2   0  -5 -10 -12 -11  -7  -2   1   0  -2  -2   1   7   8   1   1   6   7   8  -1
DST0912*15  X220   0   8   6   5   6   7   7   7   7   9   8   7   6   8   8   9   8   8   7   5   6   4   6   9   5   7
DST0912*16  X220   0   6   3  -2  -4  -4  -2  -4  -5  -2  -3  -2   0   0   5   9   8   4   4   5   4   1   3   6   9   2
DST0912*17  X220   0   8   6   4   4   4   1  -2  -5  -6  -2  -2  -2  -1   3   9  14  19  12   3  -2  -1   0   1   5   3
DST0912*18  X220   0   2   1   2   4   7   7   8   4   0  -3  -2   4   4   5   7   7   9   7   7   7   6   5   4   3   4
DST0912*19  X220   0   3   4   4   4   5   6   5   2   4   4   0  -1  -1   0   2   1   0   0   2   1   0  -1  -1  -2   2
DST0912*20  X220   0  -2  -1  -1   3   5   6   5   3   2   3   0   1   5   6   5   4   2   0   3   6   7   5   2   2   3
DST0912*21  X220   0   2   3   4   6   9  11  11   9   6   4   4   5   5   5   6   9  10  12  14   8   2   1   0   3   6
DST0912*22  X220   0   1  -1  -2  -1   1   3   0   0   4   5   4   3   2   0   3   5   5   7   7   6   4   5   2  -1   3
DST0912*23  X220   0  -3  -4  -3  -1   2   6   9  12  14  11   7   6   7   5   7   9  10  11  11  10   8   4   0  -2   6
DST0912*24  X220   0  -4  -5  -7  -5  -2  -2  -2  -3   0   0  -4  -7  -8  -7  -6  -3  -2  -2  -1   1   3   4   3   1  -2
DST0912*25  X220   0  -1  -4  -4  -2   0   3   4   4   5   6   7   7   6   7  11  16  18  18  16   6   6   8   6   1   6
DST0912*26  X220   0   0  -2  -4  -4  -3   0  -1   1  -2  -6  -8  -8  -6  -3   2   5   1  -2   0  -1  -1  -1  -1  -2  -2
DST0912*27  X220   0  -4  -4  -4  -2   2   3   4  -1  -4  -5  -3  -3  -4  -6  -3  -4  -5  -7  -5   0   3   4   4   4  -2
DST0912*28  X220   0   4   3   2   2   2   3   3   3   4   1  -1   1   1   2   2   4   2  -1   1   3   0   2   1   1   2
DST0912*29  X220   0   0  -2  -2  -1  -1  -2  -3  -2   1   3   3   3   1   0   2   3   2   3   4   4   4   4   4   5   1
DST0912*30  X220   0   5   4   3   1   2   4   5   6   6   7   7   5   4   4   4   4   4   4   5   8   8  11  11  11   6
DST0912*31  X220   0  11  11  11  11   9   9  11  11  12  12   9   6   5   7  10   9   6   4   3   3   2   4   5   7   8