DST0701*01  X220   0  -3   0   1  -1  -6  -8  -9  -8   0   7   8  -2  -9 -11   0   2  -7  -6  -8  -2  -4   1   1  -1  -3
DST0701*02  X220   0 -17 -20 -14 -14 -16 -20 -25 -25 -22 -20 -20 -23 -18 -24 -26 -29 -31 -29 -26 -26 -27 -24 -26 -22 -23
DST0701*03  X220   0 -17 -13 -15 -17 -29 -26 -22 -23 -23 -28 -28 -24 -25 -26 -25 -27 -27 -27 -24 -23 -24 -27 -30 -25 -24
DST0701*04  X220   0 -21 -20 -26 -27 -23 -20 -20 -24 -29 -21 -19 -14 -12 -15 -20 -26 -30 -30 -28 -27 -26 -28 -30 -28 -24
DST0701*05  X220   0 -24 -22 -17 -15 -17 -16 -14 -16 -22 -26 -23 -19 -14 -13 -17 -26 -31 -29 -25 -23 -25 -26 -27 -26 -21
DST0701*06  X220   0 -23 -20 -17 -15 -13 -12 -12 -16 -19 -20 -16 -13 -14 -13 -13 -17 -20 -17 -14 -14 -14 -17 -20 -21 -16
DST0701*07  X220   0 -18 -15 -13 -13 -14 -14 -14 -17 -20 -23 -24 -22 -22 -19 -16 -15 -15 -13 -12 -10 -10 -11 -14 -16 -16
DST0701*08  X220   0 -17 -16 -14 -12  -7  -6  -6  -5  -6  -7  -9  -6  -7  -9  -9  -7  -9 -16 -13  -9  -4  -4  -5  -4  -9
DST0701*09  X220   0  -6  -6  -1   2   4   6   4   3  -1  -2   0  -1  -7 -15 -22 -21 -22 -22 -16 -12  -7  -4  -3  -3  -6
DST0701*10  X220   0  -6  -7  -7  -8  -6  -6  -7  -8  -8 -12 -16 -16 -16 -16 -19 -26 -29 -25 -20 -17 -13 -12 -14 -14 -14
DST0701*11  X220   0 -14 -16 -16 -13 -10  -7  -6  -3  -3  -5 -10 -13 -16 -19 -18 -21 -23 -21 -20 -20 -17 -16 -17 -18 -14
DST0701*12  X220   0 -23 -24 -24 -23 -21 -18 -16 -14 -13 -14 -16 -18 -20 -22 -23 -23 -26 -26 -24 -23 -21 -18 -16 -16 -20
DST0701*13  X220   0 -19 -21 -20 -18 -17 -16 -14 -12 -10 -10 -10 -11 -11 -11 -11 -12 -13 -13 -13 -13 -11  -9  -8  -9 -13
DST0701*14  X220   0  -9 -10 -10 -10 -11 -10  -6  -1   3   1  -2  -3  -6   0   2  -3  -5   3  -1  -3  -3  -6 -10  -9  -5
DST0701*15  X220   0 -13 -16 -18 -17 -14 -10 -11 -12  -8  -5  -8 -12 -12 -22 -31 -30 -29 -29 -29 -23 -20 -16 -15 -13 -17
DST0701*16  X220   0 -14 -18 -21 -22 -22 -16  -8  -5  -5  -8 -12 -11 -11 -12 -15 -27 -28 -24 -16 -17 -22 -19 -13 -15 -16
DST0701*17  X220   0 -21 -21 -21 -21 -24 -28 -28 -26 -26 -32 -30 -27 -23 -26 -27 -26 -27 -27 -36 -33 -36 -36 -30 -23 -27
DST0701*18  X220   0 -23 -26 -27 -30 -32 -31 -28 -29 -30 -25 -25 -23 -22 -25 -26 -28 -30 -25 -21 -24 -21 -20 -21 -26 -26
DST0701*19  X220   0 -22 -19 -21 -28 -32 -32 -26 -22 -22 -20 -21 -20 -22 -23 -24 -29 -29 -27 -23 -23 -28 -27 -22 -19 -24
DST0701*20  X220   0 -19 -21 -19 -19 -18 -18 -18 -12 -15 -16 -16 -19 -17 -18 -22 -23 -25 -25 -23 -22 -20 -16 -13 -12 -19
DST0701*21  X220   0 -10 -11 -11 -10 -15 -19 -21 -24 -24 -23 -25 -24 -18 -17 -17 -17 -18 -21 -20 -18 -16 -15 -12  -8 -17
DST0701*22  X220   0 -10 -10  -8  -7  -6  -5  -6  -7  -5  -6  -8 -10 -14 -17 -17 -14 -15 -19 -19 -18 -16 -14 -14 -13 -12
DST0701*23  X220   0 -12 -14 -15 -14 -15 -16 -14 -12  -7  -3  -5  -4  -7 -10 -14 -16 -15 -12 -10 -11 -13 -12  -9  -5 -11
DST0701*24  X220   0  -5  -5  -7  -5  -4  -2  -1  -2  -3  -1  -1  -4  -7  -7 -17 -16 -16 -15 -11  -8  -9  -9  -8  -9  -7
DST0701*25  X220   0  -7  -6  -8  -9  -7  -6  -3  -1  -1  -3   0   3   3  -1   2  -4  -6  -7  -5  -4  -7  -8  -7  -7  -4
DST0701*26  X220   0  -7  -5  -5  -6  -9 -11 -13 -15 -14  -9  -9 -10 -12 -12 -12  -8  -8  -6  -4  -4  -2  -3  -1   1  -8
DST0701*27  X220   0  -1  -3  -6 -10  -6  -6  -5  -3  -3  -4  -5  -5  -6  -7  -9  -8  -7  -5  -3  -4  -7  -3  -1   0  -5
DST0701*28  X220   0   0  -2  -1  -2  -5  -8  -6  -5  -4  -4  -5  -4  -3  -3  -3   1   3   4   3  -1  -6  -7  -2  -4  -3
DST0701*29  X220   0  -4  -1   0   2   4   9   7   4  10   5   4   7   7   3 -16 -37 -37 -44 -38 -41 -48 -49 -43 -43 -14
DST0701*30  X220   0 -39 -38 -42 -46 -45 -35 -40 -39 -35 -29 -26 -26 -26 -32 -36 -34 -33 -29 -29 -23 -22 -28 -28 -25 -33
DST0701*31  X220   0 -23 -28 -27 -29 -30 -27 -28 -26 -17 -14 -22 -24 -24 -23 -24 -22 -25 -29 -32 -32 -32 -31 -27 -24 -26
DST0702*01  X220   0 -20 -21 -19 -20 -21 -22 -23 -27 -29 -29 -29 -26 -23 -22 -24 -27 -29 -28 -26 -21 -18 -17 -14 -14 -23
DST0702*02  X220   0 -17 -17 -16 -16 -17 -16 -19 -21 -21 -20 -19 -17 -18 -20 -21 -21 -24 -22 -19 -17 -18 -18 -14 -12 -18
DST0702*03  X220   0 -13 -14 -14 -14 -15 -15 -17 -17 -16 -13 -13 -14 -14 -15 -15 -15 -16 -16 -15 -14 -13 -12 -11 -11 -14
DST0702*04  X220   0 -10 -11  -8  -6  -3  -5 -10 -12 -13 -16 -17 -17 -18 -18 -16 -14 -13 -12 -11 -11 -11  -5  -4  -4 -11
DST0702*05  X220   0  -3  -4  -5  -3  -3   0   0  -1  -2  -2  -1  -3 -10 -17 -21 -21 -21 -22 -23 -26 -28 -26 -22 -23 -12
DST0702*06  X220   0 -26 -25 -24 -22 -25 -29 -29 -26 -27 -24 -26 -22 -19 -19 -17 -14 -11 -11 -10  -9 -12 -12 -10 -10 -19
DST0702*07  X220   0 -15 -19 -22 -16 -12  -9 -15 -21 -17 -15 -20 -16 -17 -17 -18 -18 -18 -21 -17 -20 -19 -20 -21 -22 -18
DST0702*08  X220   0 -27 -22 -23 -25 -21 -12 -15 -17 -22 -23 -25 -20 -18 -20 -18 -14 -15 -13 -12 -13 -17 -18 -18 -21 -19
DST0702*09  X220   0 -21 -22 -19 -17 -13 -16 -17 -17 -18 -16 -17 -16 -17 -16 -16 -16 -14 -13 -14 -20 -22 -22 -23 -26 -18
DST0702*10  X220   0 -24 -22 -21 -20 -20 -18 -17 -17 -19 -17 -13 -11 -12 -12 -12 -15 -14 -13 -16 -21 -27 -27 -27 -28 -18
DST0702*11  X220   0 -28 -28 -27 -26 -24 -21 -19 -19 -18 -16 -15 -13 -16 -17 -17 -16 -17 -19 -19 -24 -25 -20 -16 -15 -20
DST0702*12  X220   0 -15 -14 -15 -14 -12 -10  -9  -8  -7  -7   6   8  10   0   2   0  -3  -3   1   1   1   3  -2 -13  -4
DST0702*13  X220   0  -8  -6 -11 -12 -12 -11 -12  -9  -7  -6  -6  -7  -4  -4  -2  -3 -12 -20 -21 -13 -12 -14 -20 -30 -11
DST0702*14  X220   0 -36 -34 -28 -29 -28 -29 -23 -23 -28 -26 -24 -27 -23 -23 -22 -20 -21 -24 -32 -41 -31 -34 -30 -28 -28
DST0702*15  X220   0 -29 -29 -28 -24 -21 -20 -21 -20 -21 -21 -21 -23 -23 -22 -22 -21 -21 -23 -23 -21 -17 -15 -14 -13 -21
DST0702*16  X220   0 -11 -11  -9 -10 -12 -16 -20 -24 -23 -21 -21 -22 -24 -24 -20 -16 -16 -18 -20 -20 -18 -15 -18 -24 -18
DST0702*17  X220   0 -23 -22 -23 -22 -24 -23 -21 -20 -24 -22 -23 -21 -21 -22 -20 -20 -20 -17 -16 -17 -19 -26 -27 -26 -22
DST0702*18  X220   0 -23 -20 -20 -20 -14 -11 -11 -15 -19 -20 -20 -18 -16 -17 -17 -16 -12 -10 -12 -15 -18 -18 -16 -17 -16
DST0702*19  X220   0 -15 -13 -11 -10  -8  -7  -6  -7  -7  -7  -8 -10  -8  -6  -9  -8  -9 -10  -8  -8  -9 -10 -12 -12  -9
DST0702*20  X220   0  -9 -10 -10  -9  -9 -10  -9  -7  -3  -2  -5  -8  -9  -8  -6  -6  -6  -5  -4  -3  -3  -5  -5  -7  -7
DST0702*21  X220   0  -6  -4  -5  -5  -9  -7  -5  -4  -3  -4  -4  -1   0   0  -2  -3  -6  -7  -6  -5  -4  -3  -1   0  -4
DST0702*22  X220   0  -1  -2  -2  -2  -3  -2  -1  -3  -4  -3  -2   1   4   1  -2  -3  -4  -6  -8  -9 -10 -12 -12 -10  -4
DST0702*23  X220   0  -6  -4  -5  -8  -9  -7  -5  -3  -2  -1  -2  -3  -5  -3  -1   0  -2  -4  -7 -10 -11  -9  -8 -10  -5
DST0702*24  X220   0  -8  -7  -7  -7  -5  -6  -7  -9  -7  -6  -6  -6  -4  -2  -2  -1   1   0   1   0  -1  -3  -3  -4  -4
DST0702*25  X220   0  -3  -3  -3  -3  -4  -6  -6  -7  -8 -10 -10  -8  -6  -5  -5  -5  -7 -11 -10  -9  -4   1   3   8  -5
DST0702*26  X220   0   7   1  -8   0  -3  -7 -12 -14 -12 -16 -12  -8  -8  -8  -7  -7  -8  -9  -9  -8  -8  -7  -6  -6  -7
DST0702*27  X220   0  -4  -3  -1  -2   0   3   8  12   2  -3   1   5   5   4   3  -1  -5   0  -5 -15 -18 -19 -10 -18  -3
DST0702*28  X220   0 -21 -19 -23 -20 -19 -26 -35 -34 -26 -21 -33 -40 -34 -25 -21 -21 -20 -20 -26 -22 -23 -20 -20 -20 -25
DST0703*01  X220   0 -18 -15 -13 -16 -22 -26 -28 -29 -29 -25 -22 -22 -26 -26 -28 -27 -26 -22 -21 -20 -19 -17 -14 -13 -22
DST0703*02  X220   0 -10 -10 -11 -12 -15 -17 -16 -17 -14 -13 -15 -17 -18 -18 -18 -18 -16 -15 -15 -14 -12 -12 -11 -10 -14
DST0703*03  X220   0  -8  -7  -8  -9 -11 -11 -10 -10  -8  -7  -7  -7  -6  -5  -6  -6  -7  -7  -7  -9 -10  -6  -3  -1  -7
DST0703*04  X220   0   2   2   1   2   0   0  -1  -5  -7  -8  -8 -12 -12 -10 -11  -9  -7  -5  -3  -2  -3   3   2  -4  -4
DST0703*05  X220   0  -5   0   4   2  -1  -4  -6  -6  -4  -3  -7  -5  -7 -10 -13 -13 -13 -13 -14 -15 -11  -3  -1  -6  -6
DST0703*06  X220   0  -9  -8 -16 -22 -18 -19 -25 -19 -17 -17 -14 -22 -27 -21 -15 -15 -15 -16 -18 -17 -13  -4  -4 -14 -16
DST0703*07  X220   0 -19 -24 -24 -27 -28 -29 -26 -21 -25 -21 -20 -18 -19 -21 -23 -22 -22 -23 -26 -29 -30 -29 -30 -31 -24
DST0703*08  X220   0 -27 -26 -26 -26 -26 -24 -22 -19 -18 -19 -19 -18 -20 -19 -19 -19 -19 -18 -17 -16 -13 -15 -16 -15 -20
DST0703*09  X220   0 -15 -16 -18 -18 -18 -16 -15 -14 -12 -11 -11 -11 -11 -12 -12 -10 -10 -12 -15 -17 -19 -20 -20 -19 -15
DST0703*10  X220   0 -18 -17 -17 -17 -18 -16 -15 -14 -10  -9  -8  -8  -8 -10 -11 -12 -13 -12 -12 -13 -10 -10 -10 -10 -12
DST0703*11  X220   0 -10 -11 -12 -11 -12 -14 -14 -12  -8  -3  -8 -18 -17 -11  -7  -9 -13 -13  -5  -9  -8  -5  -3   0 -10
DST0703*12  X220   0   1   2  -2 -10  -8  -7  -5  -1   4   6  10  -1  -5  -8  -8  -6  -8 -11 -10 -11 -14  -8   1  -3  -4
DST0703*13  X220   0  -7 -25 -27 -33 -40 -35 -30 -25 -21 -17 -13 -12 -13 -13 -18 -19 -18 -16 -14 -19 -18 -15 -14 -19 -20
DST0703*14  X220   0 -18 -20 -21 -19 -17 -19 -19 -16 -12 -12 -12 -14 -18 -20 -21 -18 -14 -11 -12 -13 -11  -9  -7  -7 -15
DST0703*15  X220   0  -6  -8 -11 -16 -19 -17 -16 -11 -11  -7  -9 -10  -6  -6  -8 -11 -10  -8  -5  -1  -4  -7  -9  -9  -9
DST0703*16  X220   0 -11 -14 -17 -15 -15 -15 -12 -10 -10 -10 -10 -12 -14 -16 -18 -16 -14 -13 -12 -10 -11 -16 -15 -15 -13
DST0703*17  X220   0 -12 -11 -12 -11 -13 -15 -15 -11 -13 -10 -11 -12  -9 -10 -11 -11 -12 -13 -14 -13 -11  -7  -5  -6 -11
DST0703*18  X220   0  -6  -7  -8 -10  -9  -8  -6  -6  -8  -9 -12 -12 -10  -9  -9  -9  -9  -9  -8  -5  -3  -3  -1   0  -7
DST0703*19  X220   0  -1  -2  -3  -5  -4  -4  -5  -6  -6  -6  -4  -4  -4  -4  -5  -6  -8  -8  -7  -7  -5  -4  -3  -3  -5
DST0703*20  X220   0  -4  -4  -3  -2  -2  -3  -3  -2  -2  -3  -4  -4  -6  -8  -8  -7  -6  -6  -4  -3  -1  -2  -1  -4  -4
DST0703*21  X220   0  -4  -4  -2  -2   0   1   2   4   3   3   2   3   1   3   3   3   3   3   3   5   7   8   7   7   2
DST0703*22  X220   0   6   3   1   3   5   5   3   2   1   1   2   2  -1  -3  -3  -2  -3  -3  -1   2   3   3   3   4   1
DST0703*23  X220   0   3   1  -2  -1  -1  -3   3   5   2   5   3  -1  -1 -10 -21 -25 -22 -19 -17 -12 -10 -14 -18 -18  -7
DST0703*24  X220   0 -17 -23 -29 -32 -35 -41 -57 -66 -72 -66 -60 -60 -61 -60 -51 -40 -35 -34 -29 -21 -21 -15  -9  -1 -39
DST0703*25  X220   0   8   7   1  -1  -5 -11 -14 -12 -13 -22 -30 -29 -28 -35 -38 -34 -30 -27 -25 -22 -20 -24 -24 -19 -19
DST0703*26  X220   0 -10  -9 -10 -14 -17 -20 -21 -18 -20 -18 -18 -17 -15 -16 -15 -17 -23 -24 -25 -19 -12 -12 -14 -14 -17
DST0703*27  X220   0 -11 -10 -11 -10  -7 -14 -24 -21 -16 -15 -21 -24 -20 -18 -18 -21 -19 -21 -28 -23 -18 -13 -14 -17 -17
DST0703*28  X220   0 -21 -18 -18 -18 -22 -24 -18 -17 -16 -13 -12 -10 -11 -13 -14 -15 -16 -15 -14 -13 -12 -14 -15 -16 -16
DST0703*29  X220   0 -16 -17 -18 -18 -15 -13 -13 -13 -14 -16 -17 -16 -15 -14 -11  -7  -5  -4  -3  -1  -1   0  -2  -2 -10
DST0703*30  X220   0  -4  -2   1   2  -1  -2  -3  -4  -6 -11 -19 -23 -21 -14 -12 -10 -11  -9  -7  -5  -2  -2  -3  -1  -7
DST0703*31  X220   0   0   1   1   0  -1  -2  -3  -3  -4  -3  -2  -2   2   1  -1  -1  -3  -2  -1   3   5   5  12  19   1
DST0704*01  X220   0  19   1 -23 -31 -24 -31 -40 -60 -63 -40 -28 -23 -31 -40 -39 -36 -38 -32 -33 -33 -28 -30 -25 -29 -31
DST0704*02  X220   0 -37 -39 -36 -35 -33 -47 -41 -33 -31 -28 -35 -32 -32 -28 -23 -22 -28 -29 -26 -23 -22 -24 -29 -30 -31
DST0704*03  X220   0 -26 -24 -26 -28 -30 -28 -25 -22 -21 -20 -17 -15 -15 -15 -16 -18 -23 -26 -23 -18 -14 -13 -14 -18 -21
DST0704*04  X220   0 -24 -29 -33 -30 -28 -28 -26 -26 -26 -25 -25 -19 -18 -20 -20 -19 -20 -22 -22 -21 -15 -14 -19 -19 -23
DST0704*05  X220   0 -20 -20 -21 -21 -17 -14 -17 -18 -17 -14 -14 -15 -18 -19 -19 -17 -16 -12 -10 -12 -11 -12 -13 -16 -16
DST0704*06  X220   0 -17 -15 -16 -15 -14 -10 -11 -16 -18 -17 -17 -17 -17 -18 -16 -16 -17 -16 -15 -10  -7  -7 -11 -14 -14
DST0704*07  X220   0 -17 -15 -13 -13 -12 -10 -10 -12 -12 -11 -10  -9 -10 -11 -11 -12 -15 -13 -10  -7  -4  -2  -3  -5 -10
DST0704*08  X220   0  -5  -5  -5  -5  -4  -2   0   0  -1  -5  -6  -2   1   1   0   3   3   2   2   2   4   6  13  32   1
DST0704*09  X220   0  33  40  10   6  12  30  32   4   9   6   1  -3  -5 -10 -11 -10 -10  -8  -7  -7  -6  -3  -3  -2   4
DST0704*10  X220   0  -2  -2  -4  -1   0   0   1   1  -1  -2  -3   1   3   1   0   3   4  -4  -1   2   2   2  -1  -8   0
DST0704*11  X220   0 -11  -9  -4  -1  -2  -2  -5  -6  -5  -2  -2  -2   0   0  -2  -2   0   2   2   0   1   5   8   6  -1
DST0704*12  X220   0   2  -1  -4  -1   1   0   1   3   2   1 -12 -23 -25 -20 -20 -21 -20 -21 -24 -24 -21 -18 -18 -19 -12
DST0704*13  X220   0 -18 -16 -14 -12 -14 -16 -15 -15 -14 -10  -9  -8  -6  -6  -6  -7  -7  -9  -9 -10 -10  -9  -8  -7 -11
DST0704*14  X220   0  -5  -4  -1   3   4   4  -2  -7  -7  -6  -4  -4  -4  -4  -3   2   4   3  -2  -1   1   1  -3  -7  -2
DST0704*15  X220   0  -9  -9 -10 -11  -8  -8  -9 -17 -21 -21 -17 -12  -7  -6  -8 -11 -11 -10 -10 -10  -9  -8  -7  -7 -11
DST0704*16  X220   0  -8  -6  -6  -7  -7  -6  -7  -9 -10  -7  -4  -4  -4  -5  -4  -4  -2  -1  -1  -2   1   1   1   0  -4
DST0704*17  X220   0  -1   1   6  12  13  15  10   8   5   0  -8 -23 -31 -33 -27 -26 -31 -33 -29 -28 -23 -20 -20 -22 -12
DST0704*18  X220   0 -26 -22 -19 -20 -23 -23 -23 -24 -25 -21 -15 -11 -10  -9  -8  -7  -3  -5  -7 -10 -12  -9 -11 -12 -15
DST0704*19  X220   0 -16 -14  -9  -7  -9 -14 -18 -23 -23 -17 -12 -13 -16 -15  -9  -6  -5  -4  -3  -4  -4  -4  -5  -8 -11
DST0704*20  X220   0 -10  -9  -8  -7  -8  -7  -5  -4  -4  -1   0   1   2   2   4   5   3   4   3   2   0  -3  -6  -9  -2
DST0704*21  X220   0 -10  -7  -6  -4  -3  -2  -1   0   1   3   1   1   2   3   6   6   7   7   8   8   9   7   6   5   2
DST0704*22  X220   0   4  10  12  12   9   3  -3   3   5   4   3   7   5   7   5   1  -5  -6   0   0   0   0   0  -1   3
DST0704*23  X220   0   2  -3  -9 -15  -7 -21 -27 -22 -23 -24 -26 -27 -28 -27 -24 -19 -18 -18 -16 -16 -16 -17 -17 -18 -18
DST0704*24  X220   0 -16 -12  -8  -7  -7  -7  -8  -9 -10  -5  -3  -1  -5  -7  -8  -5  -2   3   4   3   5   7   6   4  -4
DST0704*25  X220   0   3  -1 -10 -10 -11 -10  -6  -5  -5  -4  -1   1   0   0  -3  -4  -5 -10  -9  -7  -4  -1  -2  -5  -5
DST0704*26  X220   0  -9 -13 -12 -10  -6  -5  -2   1   1   3   4   3   0  -6  -3   7  12   9  10  -3 -10 -11 -15 -17  -3
DST0704*27  X220   0 -17 -16 -12 -11 -10  -7  -4  -1   0  -2  -8  -4   1   5   2   6   4   0  -3  -7  -7  -9 -22 -28  -6
DST0704*28  X220   0 -42 -36 -33 -29 -32 -37 -27 -32 -30 -28 -21 -18 -23 -27 -31 -25 -27 -27 -29 -24 -21 -21 -20 -23 -28
DST0704*29  X220   0 -20 -23 -24 -26 -30 -26 -24 -20 -21 -19 -18 -15 -17 -15 -17 -21 -27 -27 -29 -27 -22 -24 -22 -24 -22
DST0704*30  X220   0 -34 -33 -29 -29 -30 -37 -33 -33 -41 -42 -33 -26 -25 -27 -28 -28 -28 -27 -25 -22 -17 -13 -14 -15 -28
DST0705*01  X220   0 -14 -19 -23 -27 -25 -21 -22 -23 -23 -21 -18 -17 -17 -20 -18 -17 -17 -19 -23 -24 -21 -18 -16 -17 -20
DST0705*02  X220   0 -18 -18 -16 -17 -18 -17 -15 -15 -16 -16 -17 -18 -19 -20 -20 -18 -16 -17 -15 -13 -11  -9  -8 -10 -16
DST0705*03  X220   0 -11 -11  -9  -8  -8  -8  -7  -6  -8  -9  -8  -6  -6  -8  -9  -9 -14 -15 -15 -13 -12 -12 -10  -8 -10
DST0705*04  X220   0  -6  -6  -5  -5  -5  -6  -5  -5  -4  -2  -4  -7  -8  -7  -7  -6  -8  -8  -8  -9  -5  -2  -3  -3  -6
DST0705*05  X220   0  -6  -7  -6  -6  -5  -4  -7  -6  -4  -2  -1   0  -2  -4  -7  -8  -8  -6  -6  -4  -4  -5  -6  -6  -5
DST0705*06  X220   0  -8  -6  -3  -1   0   1   0   0  -1  -1   1   1   1   3   6   9  10  11  12  12  10  11  11   8   4
DST0705*07  X220   0   7   3  -2  -6  -3   1   4  -1   8  20  27  31  15  13   8  -7 -22 -27 -21 -17 -15 -29 -35 -27  -3
DST0705*08  X220   0 -21 -16 -16 -20 -22 -18 -16 -17 -12 -10  -9  -9  -8 -11  -7  -5  -6 -13 -18 -18 -13 -11 -10  -9 -13
DST0705*09  X220   0  -8  -9  -9 -10 -10  -7  -5  -5  -7  -7  -4  -3  -6  -8  -9  -9 -11 -14 -14 -13 -14 -11 -10  -9  -9
DST0705*10  X220   0  -9 -12 -11  -9  -9  -8  -7  -6  -4  -2  -2  -2  -4  -6  -9  -8  -6  -9 -10  -7  -7  -8 -10  -6  -7
DST0705*11  X220   0  -1   1   2   3   2   1   2   2   2   2   2   0  -2  -5  -8  -8 -10  -9  -9  -7  -4  -2  -1  -1  -2
DST0705*12  X220   0   0  -1  -3  -4  -2   1   1   3   5   5   5   7   5   3   2   0  -1   0   1   1   1   0   0   2   1
DST0705*13  X220   0   4   4   3   0  -1  -3  -4  -4  -4  -5  -4  -2   0   0  -1  -1  -1  -1  -2  -1   0   1   4   6  -1
DST0705*14  X220   0   6   6   5   4   3   3   3   6   8  10  11   8   5   4   3   4   3   1  -3  -3  -2  -1   3   6   4
DST0705*15  X220   0   5   7   9  10  11  10   9   8  10  12  12   9   0  -5  -7  -5  -2  -1  -3  -6  -8  -5  -1   2   3
DST0705*16  X220   0   4   6   7   7   7   4   5   6   7   6   6   5   3   1  -2  -1   0  -1  -1  -1  -2  -5  -4  -3   2
DST0705*17  X220   0  -1  -1   0   0  -2  -3  -3   0   3   4   2   1   0  -5  -7  -6  -5  -8 -10 -12 -10  -9 -14 -24  -5
DST0705*18  X220   0 -24 -19 -12  -7   0   6  14   6   2   2   4   8   7   3  -2  -1  -4  -1   2   0   0  -5  -6  -4  -1
DST0705*19  X220   0  -3  -2  -1  -5  -7  -5  -5  -6  -4  -1  -2   2   1  -5  -5  -6 -10  -9  -4  -5  -2   2   2   0  -3
DST0705*20  X220   0  -3  -3  -5  -7  -6  -3  -4  -3   0   2  -2  -3  -4  -4  -5  -6  -6  -6  -7  -6  -6  -9 -10 -11  -5
DST0705*21  X220   0  -9 -11  -9 -10  -7  -6  -5  -2   2   4   5   4   5   7  12  13  13  15  15  12  16  15  11   0   4
DST0705*22  X220   0  -2   2   5   7   7  10  15  19  25  26  24  20  13   9  10  13  16   8  -3  -8 -15 -18 -23 -23   6
DST0705*23  X220   0 -10  -9 -11 -13  -9 -12 -15 -10 -17 -33 -32 -37 -54 -58 -54 -43 -37 -37 -37 -40 -45 -49 -40 -45 -31
DST0705*24  X220   0 -47 -40 -40 -39 -41 -41 -38 -32 -21 -19 -21 -21 -18 -20 -22 -27 -26 -23 -30 -32 -35 -35 -39 -36 -31
DST0705*25  X220   0 -30 -25 -25 -25 -28 -29 -32 -30 -27 -23 -19 -21 -28 -27 -24 -21 -26 -28 -34 -34 -29 -26 -24 -21 -27
DST0705*26  X220   0 -19 -21 -23 -24 -25 -31 -22 -22 -17 -11 -20 -24 -18 -25 -28 -28 -29 -27 -29 -28 -26 -26 -23 -22 -24
DST0705*27  X220   0 -20 -18 -19 -15 -17 -19 -17 -15 -15 -12 -14 -15 -11 -12 -16 -18 -19 -19 -21 -20 -19 -19 -21 -20 -17
DST0705*28  X220   0 -16 -18 -20 -21 -20 -20 -21 -17 -14 -16 -19 -20 -20 -23 -24 -23 -21 -20 -19 -17 -16 -17 -16 -15 -19
DST0705*29  X220   0 -11 -11 -10  -8  -8  -8  -8  -6  -7  -9  -8  -6  -7 -10 -11 -11  -9  -8  -7  -8 -10 -13 -12 -11  -9
DST0705*30  X220   0 -10 -10 -11 -12 -11 -10  -9  -6  -2  -2  -4  -5  -6  -6  -6  -3  -2  -2  -3  -5  -6 -10 -12 -10  -7
DST0705*31  X220   0  -5  -4  -4  -5  -5  -7  -5  -2   0   1   1  -1  -1  -3  -3   0   3   4   2   0   3   5   4  -3  -1
DST0706*01  X220   0  -9  -7  -5  -6 -12 -10  -6   1   7   4   0  -2   0  -2  -3   0   2   2   0   3   8   8   8   3  -1
DST0706*02  X220   0   4   9  11   6   3   1   8  18  15   7  15  16  18  16  18  21  19   7   4   4   5   4   2   2  10
DST0706*03  X220   0   2   2   3   3   4   6   4   3   0  -1  -1  -1  -2  -1   0   3   9   6   0  -4  -3  -6  -8  -9   0
DST0706*04  X220   0  -8  -6  -5  -4  -9  -2  -1   1   1  -1  -2   2   4   4   3   0  -2  -7  -9  -9  -7  -9 -11 -11  -4
DST0706*05  X220   0 -12 -12  -8  -7  -7  -7  -5  -4  -5  -5  -4  -1   0   2   1   0   2   1  -1  -5  -6  -9 -10  -6  -5
DST0706*06  X220   0  -8  -9  -6  -4  -1  -1  -2  -2  -2  -2  -3  -5  -5  -3  -2   0   0  -2  -2  -1   2   2   1   0  -2
DST0706*07  X220   0  -4  -5  -5  -4  -2  -1  -1   2   2   1   1   2   2   1   2   5   6   8   9  11  12  10   9  10   3
DST0706*08  X220   0  10  14  10   2  -1   1   3  -2   1   1   0   0   7   9   9   5  -2  -9 -13 -15 -19 -21 -16 -13  -2
DST0706*09  X220   0 -12 -11  -7  -6 -11 -14 -10  -8  -7 -10 -17 -20 -20 -18 -17 -16 -10  -9 -12  -8  -9 -13 -12  -9 -12
DST0706*10  X220   0  -8 -10 -11  -6  -6  -3   2   2  -9 -13  -8  -5  -4  -5  -7 -11 -10 -10 -10 -10 -10 -11 -12 -12  -8
DST0706*11  X220   0 -14 -14 -11 -10 -11 -11 -10  -8  -7  -7  -8 -10 -10 -11 -10 -11 -13 -13 -14 -15 -14 -14 -16 -15 -12
DST0706*12  X220   0 -11  -9  -8  -8  -7  -6  -8  -9 -10  -8  -7  -8  -7  -9 -10 -10  -9  -8 -10 -11 -11 -11 -10  -6  -9
DST0706*13  X220   0  -3   1   1   2   1   1   2   3   5   6   5   2   0  -2  -1   3   4   0  -1  -8 -10 -13 -11  -8  -1
DST0706*14  X220   0  -9 -10  -8  -2  -1 -11 -17 -21 -21 -13 -13 -11  -7  -8  -7  -6  -9 -12 -10 -14 -14 -19 -23 -23 -12
DST0706*15  X220   0 -21 -17 -11  -8 -13 -17 -17 -16 -12 -10 -10 -13 -16 -15 -13 -10  -8  -4  -2  -4  -7 -13 -13 -14 -12
DST0706*16  X220   0 -15 -14 -11  -7  -5  -7  -8  -7  -7  -4  -2  -4  -7  -7  -6  -7 -10 -13 -17 -16 -17 -17 -19 -18 -10
DST0706*17  X220   0 -15 -14 -11  -7  -6  -8  -8  -6  -4  -5  -8 -10  -8  -5  -4  -5  -2   0  -2  -4  -5  -6  -8 -10  -7
DST0706*18  X220   0 -11 -12 -11  -9  -5  -6  -7  -8  -7  -6  -4  -2   0   2   1   1   1  -1   1   2  -1  -4  -5  -7  -4
DST0706*19  X220   0 -11 -11  -6  -6  -7  -8  -8  -7 -10  -7  -8  -9  -5  -4  -3  -6  -7  -5  -4  -3  -4  -5  -5  -5  -6
DST0706*20  X220   0  -6  -6  -5  -5  -6  -4  -3  -2  -6  -6  -6  -5  -2  -1  -1  -1  -1  -1  -3  -4  -3  -2  -2  -3  -4
DST0706*21  X220   0  -5  -5  -2  -3  -4  -4  -2  -1   9  21  21  20  13   9   2  -5  -3   0  -2   0   1  -3 -18 -28   0
DST0706*22  X220   0 -28 -23 -17 -17 -20 -21 -20 -19 -18 -16 -11  -5  -6  -4  -6  -8  -7  -7  -7  -6   1 -10 -10  -9 -12
DST0706*23  X220   0 -11  -8 -12 -17 -19 -19 -20 -16 -17 -14 -12 -11 -10 -11 -11 -12 -12 -11 -10 -12 -16 -13  -8  -8 -13
DST0706*24  X220   0  -4  -6  -7  -6  -5  -7  -6  -4  -7  -8  -6  -2  -2  -5  -5  -5  -5  -1  -1  -2  -4  -4  -5  -7  -5
DST0706*25  X220   0  -9  -7  -7  -4  -7  -9  -9 -10 -11 -10  -8  -6  -8  -7  -6  -7 -10  -8  -5  -4  -6  -7  -7  -6  -7
DST0706*26  X220   0  -3  -1   1   1   1   0   0  -1   0   1   1  -1  -3  -2   0   2   3   3   3   3   1  -2  -4  -5   0
DST0706*27  X220   0  -3   4   4   4   3  -2  -2  -3  -1   1   2  -1  -3  -2   1   2  -1  -4  -5  -7  -6  -8  -9  -7  -2
DST0706*28  X220   0  -5  -1   4   5   2  -1  -3  -7 -11 -12  -9  -3   3   3   0  -1   2   3   5   4   6   5   1   1   0
DST0706*29  X220   0   1   6   8   6   5   0   0  -3  -2   1   4   3   1   7  25  32  33  37  30  11  -2  -5  -5  -6   8
DST0706*30  X220   0  -5  -1  -7 -11 -16 -14 -10 -10 -10  -9  -6 -10 -12  -9  -6  -6  -8  -5  -3  -4  -8 -10 -10  -9  -8
DST0707*01  X220   0  -4   3   5   4   2   1  -3  -8  -9  -8  -3  -2  -5  -7  -8  -5  -6  -3   0   1   1   1   0  -5  -2
DST0707*02  X220   0  -4  -2  -1  -1  -4  -5  -5  -6  -4  -2   1   2   2   1   0  -2   0   2   4   4   3   3   2   1   0
DST0707*03  X220   0   0   4  10  10   4   2   0   2   4  10  17  15  14  13  10   0  -8 -10  -5   1   4   5  -7 -12   3
DST0707*04  X220   0  -5  -2  -1  -2  -5 -10 -15 -14  -7 -11  -5  -4  -3  -1  -4  -5 -13 -12  -3  -3  -6  -6 -10  -7  -6
DST0707*05  X220   0  -3  -3  -2  -4 -11 -14  -9  -7  -7  -8  -7  -6  -5  -8 -11 -11 -10  -8  -7  -9  -8  -8  -6  -4  -7
DST0707*06  X220   0  -4  -3   2   1  -2  -4  -4  -3  -3   1   2  -3  -7 -10 -10  -8 -10  -9  -6  -6  -5  -3  -3  -3  -4
DST0707*07  X220   0  -3  -3  -5  -7 -11  -7  -2  -2  -5  -5  -2  -2  -3  -3  -5 -10 -13 -11  -8  -6  -7  -8  -9 -12  -6
DST0707*08  X220   0 -16 -13 -12  -9  -8 -11 -10  -9  -8  -7  -7  -6  -5  -7  -7  -7  -8  -9 -10 -10  -8  -7  -9  -9  -9
DST0707*09  X220   0  -9  -8  -5  -3  -2  -2  -3  -4  -4  -1   1   0   0  -3  -5  -5  -4  -4  -2   4   6   4   1   1  -2
DST0707*10  X220   0   1   4   6   4   3   1   1   3   5   8   9   6   5   4   2   3   5  13  24  28  26  22  26  20  10
DST0707*11  X220   0   5 -15 -25 -25 -17 -27 -29 -23 -21 -27 -30 -28 -30 -29 -28 -33 -31 -25 -22 -20 -18 -19 -20 -19 -23
DST0707*12  X220   0 -19 -18 -15 -18 -21 -22 -24 -21 -19 -16 -16 -17 -18 -18 -17 -16 -14 -15 -18 -20 -20 -20 -20 -18 -18
DST0707*13  X220   0 -18 -17 -17 -19 -21 -22 -21 -19 -18 -16 -15 -15 -12 -12 -10  -9  -8  -5  -3   1   7  10  10   6 -10
DST0707*14  X220   0  -1  -1  -7  -8  -8  -7  -1   2   2  -2 -11 -19 -26 -33 -38 -39 -33 -29 -27 -33 -33 -25 -24 -25 -18
DST0707*15  X220   0 -36 -37 -45 -39 -38 -42 -39 -39 -36 -33 -32 -27 -25 -26 -27 -30 -30 -27 -25 -23 -22 -21 -21 -22 -31
DST0707*16  X220   0 -21 -21 -20 -16 -15 -17 -20 -19 -20 -19 -16 -16 -16 -16 -16 -17 -17 -13 -12 -11  -9  -9 -11 -14 -16
DST0707*17  X220   0 -17 -15 -12 -13 -16 -17 -16 -15 -14 -12 -10  -8  -7  -8 -12 -13 -12  -9  -5  -4  -2  -2  -4  -7 -10
DST0707*18  X220   0  -7  -5  -6  -6  -7  -9  -9  -7  -5  -4  -2   2   6   6   6   6   5   6   5   2   2   2   2   3  -1
DST0707*19  X220   0   1   1   1   0   1   2   2   2   3   3   2   0   1   2   2   1   0   1   3   4   6   7  10  12   3
DST0707*20  X220   0  12  11   9   6   6   4  13  16   7 -11 -22 -20 -19 -25 -19 -25 -24 -23 -22 -22 -23 -23 -27 -24 -10
DST0707*21  X220   0 -20 -14 -14 -22 -28 -30 -23 -24 -26 -24 -22 -17 -20 -16 -13 -14 -15 -15 -15 -20 -25 -21 -15 -10 -19
DST0707*22  X220   0 -10 -11  -9 -13 -15 -19 -19 -19 -16 -13 -11 -12 -12 -15 -16 -15 -12  -9  -6  -7  -9 -10  -9 -10 -12
DST0707*23  X220   0 -10  -9  -8  -8  -8  -7  -5  -4  -5  -6  -5  -6  -8  -7  -6  -5  -5  -5  -8  -7  -7   0   6   4  -5
DST0707*24  X220   0  -1  -3  -5  -3  -5  -3  -3  -2   1   3  -3  -2  -4  -4   3   5   5   3  -1  -4  -4  -5  -3  -1  -2
DST0707*25  X220   0   2   5   4   2   3   3   3   3   4   8   9   8   7   4   2   0  -1   0  -1  -1  -1   0   3   6   3
DST0707*26  X220   0   9  12  13  12  10  10  10   9   9  12  13  18  27  31  38  41  34  19  17   5   7   3  -1   2  15
DST0707*27  X220   0   1   3   0  -1  -4 -13 -12 -10  -8  -5  -7 -11 -13 -14 -11  -8  -9  -8  -9 -10 -10 -11 -11 -11  -8
DST0707*28  X220   0  -9  -7  -8  -8  -8 -10  -9 -10  -9  -7  -6  -5  -3  -1   0  -1  -2  -2  -2   1   3   6   4   4  -4
DST0707*29  X220   0   9  11  17  20  10  11   7   5   6  -3  -8  -4   0   2  -1  -2   3   0  -3  -4  -4  -7  -5  -8   2
DST0707*30  X220   0 -11 -13 -10  -5 -10 -14 -16 -15 -12  -8  -7 -10 -14 -11 -10 -12 -14 -15 -13 -13 -11 -10  -7  -5 -11
DST0707*31  X220   0  -4  -3  -4  -6  -6  -9 -12 -13 -15 -15 -14 -10 -11 -10  -7  -8  -4   0   2   2   1  -4  -7  -8  -7
DST0708*01  X220   0 -11 -13 -11  -5   0  -8 -14 -11 -13 -10  -7  -7  -5  -6  -6 -13 -16 -16 -18 -17 -15 -20 -20 -17 -12
DST0708*02  X220   0 -16 -13 -14 -13 -11 -11  -8  -8  -6  -5  -4  -5  -6  -4  -6  -9  -8  -7  -8 -11 -14 -14 -13 -12  -9
DST0708*03  X220   0 -11  -9 -10 -11 -11 -12 -12  -9  -5  -2  -4  -6  -6  -7  -7  -6  -4  -2  -2  -2  -4  -8 -11 -11  -7
DST0708*04  X220   0 -10  -8  -6  -8  -8 -10 -10  -9  -7  -5  -4  -4  -6  -5  -5  -5  -6  -6  -5  -5  -4  -1   2   1  -6
DST0708*05  X220   0   0   0   1   0   0   2   3   3   2   3   4   7   7   6   6   4   8   7   6   8   8   4   1   2   4
DST0708*06  X220   0   1   3   6   7   6   8  12  13   8   8   8   7  13  14  13  10   9  -2  -1   3   0 -10 -14  -9   5
DST0708*07  X220   0  -6  -8 -22 -17 -19 -22 -26 -27 -31 -25 -21 -19 -18 -12 -12 -13 -17 -19 -17 -18 -17 -20 -23 -21 -19
DST0708*08  X220   0 -16 -13 -14 -16 -17 -19 -20 -17 -18 -18 -21 -20 -16 -13 -11 -12 -13 -15 -15 -16 -15 -15 -18 -18 -16
DST0708*09  X220   0 -17 -14 -11 -10 -10 -12 -15 -15 -10  -7  -9 -13 -12 -12 -11  -9  -6  -5  -6  -8  -9 -10  -8  -5 -10
DST0708*10  X220   0  -3  -3  -2  -1   0  -2  -6  -8  -5  -4  -4 -12 -14  -7 -19 -27 -24 -22 -20 -24 -25 -26 -27 -26 -13
DST0708*11  X220   0 -27 -30 -28 -23 -21 -20 -19 -18 -18 -15 -17 -16 -15 -12  -8  -8 -10 -12 -16 -17 -18 -18 -18 -15 -17
DST0708*12  X220   0 -14 -12 -15 -16 -16 -13 -13 -12 -11 -13 -18 -21 -20 -17 -14 -13 -12 -13 -17 -19 -17 -14 -13 -11 -15
DST0708*13  X220   0 -12  -9  -7  -6  -5  -7 -10 -10  -9  -9 -12 -15 -17 -17 -16 -11  -7  -5  -7  -8  -9 -12 -11  -9 -10
DST0708*14  X220   0 -10 -11 -10  -8  -5  -5  -5  -6  -7 -10 -10 -11  -8  -5  -4  -4  -1   0   1  -1  -4  -6   0   5  -5
DST0708*15  X220   0   2   1   0  -4  -7  -7  -3   0   3   0  -2  -3   1  -1  -2  -1   0  -4  -3  -4  -7  -9  -5  -5  -3
DST0708*16  X220   0  -7 -10 -13 -13 -10  -7  -7  -6  -5  -3   0   3   1  -1  -2  -3  -2  -4  -8 -12 -17 -17 -14 -11  -7
DST0708*17  X220   0 -12 -10  -9  -4  -4  -2  -1   1   1  -2  -4  -3   2   2   0  -3  -2  -2  -2  -4  -6  -7  -6 -10  -4
DST0708*18  X220   0  -7  -4   0   2   3   3   2   3   3   2   1   0   1   1   3   2   1   4   7  11   9   7   8  11   3
DST0708*19  X220   0  10   8   7  10  10   9   8   6   6   7   5   2   5   7   9   7   3   4   3   2  -1  -3  -4  -1   5
DST0708*20  X220   0  -2  -6  -2   1   2   2   3   3   3   1  -1   0   3   5   3   1   2   4   8   8   7   5   4   2   2
DST0708*21  X220   0   0  -6  -3   3  11  15  13  12  12  12  10  10   6   7  10   9   7   4   0  -2  -3  -3  -1   1   5
DST0708*22  X220   0   1  -2  -1   1   6  11  13  14  12  10   6   3   1   1   2  -4  -3  -3  -5  -5  -5  -5  -4  -3   2
DST0708*23  X220   0  -2   0   0   1   2   3   4   3   3   1   1   1   4   5   5   3   2   2   0   1   2   1   2   2   2
DST0708*24  X220   0   3   1   0   0   2   2   2   3   4   5   7   8   7   8  10   8  11  11  11  10   5   4   3   6   5
DST0708*25  X220   0   8   5   3   4   3   0   0   1   1   7  11  10   9   6   4   6   5   1  -3  -9  -8  -6  -4  -4   2
DST0708*26  X220   0  -6  -7  -6  -7  -6  -5  -2  -4  -2   0   1  -1   0   7   7   9  13  14  -9  -3  -2  -2   0   2   0
DST0708*27  X220   0   2   1  -5  -6  -4  -1  -8  -8  -5  -2   0  -1   0   0   0  -2   0  -1  -4 -14 -20 -22 -13 -15  -5
DST0708*28  X220   0 -25 -26 -21 -19 -16 -12 -12 -11 -11 -14 -15 -19 -16 -10 -12 -12 -13 -15 -18 -20 -20 -22 -20 -18 -17
DST0708*29  X220   0 -20 -21 -20 -12  -8  -6  -5  -5  -4  -3  -5  -5  -3  -4  -3  -3  -5  -6  -8 -11 -15 -19 -18 -14  -9
DST0708*30  X220   0 -13 -14 -12  -9  -4  -3  -3  -2  -1  -1  -1  -3  -2   0  -1  -4  -4  -5  -4  -5  -8 -12  -9  -8  -5
DST0708*31  X220   0  -5  -2  -3  -4   0   4   4   4   1  -2  -3  -1  -2  -2   0   0   3   3   5   8   4  -8 -12 -14  -1
DST0709*01  X220   0 -11  -4  -1   1   1  -1   2  -1  -7  -2  -3  -5  -4   1   2   0  -2  -4  -3  -3   1  -2  -2  -3  -2
DST0709*02  X220   0  -1 -16 -19 -17 -21 -23 -19 -17 -16 -23 -14 -17 -18 -18 -18 -21 -21 -23 -24 -23 -21 -16 -14 -14 -18
DST0709*03  X220   0 -14 -15 -13  -9  -8 -10 -14 -17 -15 -13 -14 -13 -14 -16  -9 -19 -23 -21 -18 -14 -11 -13 -14 -14 -14
DST0709*04  X220   0 -13 -13 -13 -13 -13 -11 -11 -11 -11 -13 -14 -14 -10 -12 -14 -17 -19 -18 -16 -15 -10  -9  -8 -11 -13
DST0709*05  X220   0 -12 -15 -16 -15 -12 -11 -15 -19 -13 -17 -17 -14 -10  -9 -12 -12 -12 -13 -17 -18 -17 -13 -10 -10 -14
DST0709*06  X220   0 -10 -15 -16 -14 -14 -14 -13  -9  -7  -8 -15 -19 -15  -8  -7 -13 -23 -29 -31 -23 -21 -18 -24 -21 -16
DST0709*07  X220   0 -23 -25 -26 -31 -25 -20 -19 -21 -19 -16 -15 -15 -16 -14 -15 -18 -18 -19 -17 -17 -16 -12 -10  -9 -18
DST0709*08  X220   0 -10 -14 -15 -14 -12 -12 -12 -10 -11 -10  -9  -7  -7  -6  -8  -9 -13 -13 -15 -17 -16 -16 -16 -16 -12
DST0709*09  X220   0 -14 -14 -14 -14 -11  -9  -8  -7  -6  -6  -4  -2  -2  -2  -4  -2  -2  -3  -4  -5  -5  -6  -6  -6  -7
DST0709*10  X220   0  -6  -9  -9  -9  -8  -6  -4  -3  -3  -2  -3  -4  -5  -7  -9 -12 -12 -12 -13 -11  -9  -6  -4  -2  -7
DST0709*11  X220   0  -1   0  -1   2   2  -1  -2  -4  -5  -5  -7  -8  -7  -5  -5  -4  -4  -4  -5  -7  -8  -8  -6  -3  -4
DST0709*12  X220   0  -2  -1  -4  -7  -9 -11 -12 -12 -11  -8  -5  -5  -4  -2  -3  -4  -4  -3  -2   0   0   0   1   2  -4
DST0709*13  X220   0   2   0   1   3   4   6   8  10  10   9   6   4   3   2   3   4   5   6   9  12  14  12  11   8   6
DST0709*14  X220   0   7   7   9   9   9  11  14  15  13  13  11  13  12   9   6   7  12  22  28  27  23  19  14  14  14
DST0709*15  X220   0  17  12  10  11   9   5   3   3   3   3   1  -1  -2  -2  -2  -1   1   1   0  -1   0   0   3   4   3
DST0709*16  X220   0   2   0   0   0   2   4   6   8   7   4   2   2   2   1  -2  -3  -2  -1   0   2   3   5   6   6   2
DST0709*17  X220   0   6   6   6   6   7   7   5   4   4   5   4   2   1   3   6   6   5   5   9  11  13  14  15  13   7
DST0709*18  X220   0  12  10   4   3   2   0   0   1   3   3   3   5   6   4   2   0  -2  -1   2   4   7   6   6   7   4
DST0709*19  X220   0   4   2   1   1   0   2   4   5   6   5   5   9   7  10   8   5   2   2   5   4   5   6   7   7   5
DST0709*20  X220   0   7   5   4   4   4   9  13  14  14  11  14  21  30  33  25   8  -3  -5 -10  -8 -13 -10  -8  -5   6
DST0709*21  X220   0 -11 -12 -16 -18 -15  -7  -4  -2  -6  -3  -2  -2   3   3  -5  -5  -1   3   2   3   5   5   1   2  -3
DST0709*22  X220   0   0  -8  -7  -4  -4  -3  -6 -10  -9 -10  -9  -6   1   1  -3 -14 -14 -11  -6  -5 -11  -6  -4   0  -6
DST0709*23  X220   0   1   1  -3  -4 -11 -25 -25 -17 -14 -16 -11  -7  -7  -5  -9 -10 -10  -8  -5  -8  -7  -8  -8  -5  -9
DST0709*24  X220   0  -9  -6 -12 -12 -20 -16 -13 -13 -14 -14 -11  -9  -8  -9 -14 -14 -12  -9  -7  -7  -9  -8  -6  -8 -11
DST0709*25  X220   0 -15 -13 -11 -11 -12 -11 -12 -12 -11  -8  -6  -3  -1  -1  -5  -9  -9  -7  -6  -7  -8  -6  -5  -8  -8
DST0709*26  X220   0  -9  -6  -6  -7  -6  -6  -6  -6  -6  -6  -6  -5  -3  -3  -5  -8  -9  -9  -9 -10  -8  -5  -3   0  -6
DST0709*27  X220   0   1   2   3   3   2  -1  -1   0   0  -1   0   3  15  20  20  14   2   3  -4  -6 -14 -12 -14 -15   1
DST0709*28  X220   0 -12 -16 -22 -24 -19 -14 -14 -22 -22 -24 -22 -16 -13 -14 -16 -12  -7  -3  -6  -9 -16 -19 -20 -22 -16
DST0709*29  X220   0 -16 -14 -28 -31 -40 -39 -33 -33 -29 -35 -38 -30 -22 -18 -22 -26 -29 -30 -26 -22 -23 -29 -33 -26 -28
DST0709*30  X220   0 -26 -24 -23 -22 -23 -27 -27 -23 -22 -22 -21 -21 -16 -15 -17 -20 -18 -15 -12  -8  -7  -5  -6 -10 -18
DST0710*01  X220   0 -10 -14 -14 -12 -14 -15 -15 -15 -19 -24 -25 -19 -15  -9 -10 -13 -13 -13 -11 -10 -11  -8  -9 -10 -14
DST0710*02  X220   0 -11  -9  -9 -10 -11 -13 -14 -16 -20 -19 -15  -9  -5  -5  -9 -13 -13 -11  -8  -8  -8  -8  -6 -14 -11
DST0710*03  X220   0 -10 -12 -17 -17 -14 -14  -9 -23 -20 -19 -14 -11  -7 -10 -14 -14 -13 -10  -6  -7  -9 -11 -17 -19 -13
DST0710*04  X220   0 -22 -29 -32 -29 -28 -23 -18 -18 -20 -19 -17 -15  -8 -10 -12 -17 -17 -16 -17 -15 -12 -12 -11 -11 -18
DST0710*05  X220   0 -11 -12 -15 -18 -21 -25 -27 -25 -19 -17 -15 -15 -10 -11 -12 -12 -13 -13 -11 -10 -11 -10  -9  -9 -15
DST0710*06  X220   0  -9  -9 -11 -12 -11 -12 -12 -11 -11 -11  -9  -8  -9  -9 -10 -10  -9  -7  -7  -8  -8  -7  -6  -7  -9
DST0710*07  X220   0  -7  -6  -6  -5  -4  -5  -7  -5  -5  -6  -4  -2   0   1   0  -1  -2  -2  -2  -3  -4  -4  -5  -7  -4
DST0710*08  X220   0  -6  -5  -5  -5  -4  -4  -4  -3  -4  -3  -1   1   1   1  -1  -3  -2  -2  -1   0   1   0  -1  -4  -2
DST0710*09  X220   0  -5  -4  -3  -1   0  -1  -2  -3  -2  -1   2   3   4   5   4   4   2   1   1   2   3   5   6   5   1
DST0710*10  X220   0   3   1   0  -1  -1  -3  -5  -4  -4  -3  -2  -3  -5  -4  -4  -3  -3  -2  -2  -3  -3  -2  -1   0  -2
DST0710*11  X220   0   0   0   0   2   4   5   5   4   4   5   5   3   4   7  10   9   8   7   6   6   6   6   5   8   5
DST0710*12  X220   0  11  14  15  16  14  11  13  14   9   8   8   7   6   8   7   4   7   9   7   3  -4 -11 -10  -7   7
DST0710*13  X220   0  -4  -1   1   0   2   4   5   4   7   6   2  -1   1   4   9   9  11  13  12  10   9   7   2  -3   5
DST0710*14  X220   0  -2   0   1  -4  -8  -9 -12 -12 -12 -15 -18 -14  -9  -1   1   1  -1   1   4   5   4   3   1   0  -4
DST0710*15  X220   0  -1  -4  -1   0   2   2   1   2   1   0  -2  -1   4   7   4   0   1   1   1   2   4   5   4   0   1
DST0710*16  X220   0   0   0  -1   1   4   5   7   6   5   3   1   3   4   5   0  -4  -5  -2  -1   1   2   1   0  -1   1
DST0710*17  X220   0  -2  -4  -3  -1  -1   1   3   2   0  -1  -1  -1   1   4   3   4   7   8   7   6   6   5   5   5   2
DST0710*18  X220   0   7   6   4   2   0   4  11   8  -1   2   0   1   7   9   7   8   8   7  -1 -11 -15 -20 -14 -14   1
DST0710*19  X220   0 -14 -17 -12  -6  -5  -7  -8  -8  -8  -6  -7  -5  -7  -7 -18 -19 -16 -17 -22 -21 -18 -18 -14 -13 -12
DST0710*20  X220   0 -13 -14 -19 -24 -28 -24 -21 -19 -17 -14 -10 -12  -8  -5  -4  -8 -14 -16 -20 -17 -15 -12  -9 -10 -15
DST0710*21  X220   0 -10  -7  -8  -8  -9  -8  -8  -8  -7  -3  -4  -5  -4  -3  -3  -6  -5  -3  -7  -9  -9  -8  -9 -12  -7
DST0710*22  X220   0 -10  -9 -10 -13 -10  -9  -6  -2  -1   0  -1  -1   3   4   4   0  -1  -2  -5  -5  -9 -13 -15 -16  -5
DST0710*23  X220   0  -9  -5  -7 -11 -13 -14 -16 -15 -12 -10  -8  -8  -6  -2  -1  -1   0  -3  -8  -7  -6  -6  -5  -3  -7
DST0710*24  X220   0  -2  -2  -1   1   2   0   0  -2  -5  -4  -2  -4  -1   1   1   1   3   4   4   4   2   0  -2  -1   0
DST0710*25  X220   0   3   2   2   6   4   0  -2  -4  -1   1   2  11  18  13   3  -9  -6 -25 -38 -37 -52 -53 -47 -45 -11
DST0710*26  X220   0 -43 -37 -34 -35 -29 -26 -26 -23 -18 -17 -15 -18 -18 -18 -24 -22 -17 -19 -22 -22 -22 -21 -20 -25 -24
DST0710*27  X220   0 -24 -20 -20 -18 -13 -13 -11 -10 -14 -18 -24 -24 -17 -14 -13 -15 -17 -17 -18 -18 -17 -19 -20 -20 -17
DST0710*28  X220   0 -22 -18 -16 -15 -13 -14 -15 -13 -14 -12 -11  -8  -5  -6  -7  -8 -11 -10 -14 -15 -15 -20 -20 -21 -13
DST0710*29  X220   0 -18 -14 -11 -10  -6  -6 -10 -10 -11 -14 -18 -16 -14 -14 -18 -18 -16 -12 -17 -19 -21 -20 -17 -15 -14
DST0710*30  X220   0 -21 -25 -26 -23 -26 -26 -25 -20 -19 -22 -20 -16 -14 -12 -12 -14 -16 -14 -14 -15 -15 -16 -17 -17 -19
DST0710*31  X220   0 -16 -14 -14 -11 -10  -9 -12  -9  -8 -12 -14 -12  -9 -10  -9 -10  -9 -11 -10 -11 -15 -17 -19 -20 -12
DST0711*01  X220   0 -21 -16 -12  -8  -5  -4  -2  -1  -1   0  -3  -4  -2  -4  -6  -5  -6  -9  -8  -6  -7  -6  -7  -9  -6
DST0711*02  X220   0  -7  -7  -8  -9 -12 -10 -11  -9  -8  -7  -7  -5  -3  -2  -1   1   3   3   3   1  -1  -3  -6  -7  -5
DST0711*03  X220   0  -7  -6  -5  -5  -6  -6  -6  -7  -8  -8  -7  -8  -7  -5  -5  -3  -4  -6  -7  -6  -6  -6  -9 -11  -6
DST0711*04  X220   0 -10  -8  -8  -7  -4  -4  -3  -1   0  -1  -2  -3  -4  -5  -3  -2  -2  -2   2  -2  -3  -3   1   2  -3
DST0711*05  X220   0   2  -2  -3  -2  -4  -4  -2   1   1  -1  -3   0   2   2   0  -2  -2  -2  -1   0   1   2   3   4   0
DST0711*06  X220   0   5   5   7   7   7   7   7   7   6   4   2   3   3   5   5   5   5   5   5   5   4   5   7  10   5
DST0711*07  X220   0   9   8   7   5   4   4   6   7   9   8   7   6   5   2   1   0   0  -1   0   0   1   3   4   6   4
DST0711*08  X220   0   8  10  12  15  10   8   9  11  13  14  13  10   8  11  11  13  11  11   6   2  -1   1   2   5   9
DST0711*09  X220   0   5   7   6   8  11  12  13  15  17  15  14  12   9   7   6   4   2   1   2   4   5   6   7   6   8
DST0711*10  X220   0   6   4   5   4   5   6   5   5   6  -2   0   2   2   1  -2  -3  -6  -4  -2   0   1   2   2   3   2
DST0711*11  X220   0   2   1  -1   0   1   2   0   3   6   6   5   5   2   2  -1  -3  -2   0  -1   0  -1  -1   0   1   1
DST0711*12  X220   0   2   1   0   1   2   3   5   8  10  10  10  13  11   8   8   9  13  14  12  18  20  16  16  14   9
DST0711*13  X220   0   7   0   9   7   0   2   3   4   7   4  -1  -5  -1  -5  -3   4   0  -2  -1  -2  -3  -5  -6  -8   0
DST0711*14  X220   0  -4 -10  -9  -8  -4  -3  -2   0  -3  -5  -2  -1  -5  -6  -7  -9  -9  -6  -5  -4  -2  -2  -3  -2  -5
DST0711*15  X220   0  -2  -5  -8  -7  -3  -1   1   3   3  -5  -7  -3  -8  -9  -6  -3  -4  -3  -3  -2  -7  -9  -9  -4  -4
DST0711*16  X220   0   0   1   0   1   0  -2  -1   3   1   1  -1   3   0  -2  -5  -6  -3  -2   0   0  -2  -2  -5  -9  -1
DST0711*17  X220   0 -10  -9  -7  -6  -8 -14 -20 -14  -8  -7  -9  -8  -9 -10 -10 -10  -7 -10 -10  -9  -9  -9  -9  -5  -9
DST0711*18  X220   0  -2  -4  -7  -9  -5  -3  -2  -1   1   0  -1  -2  -3  -5  -7  -7  -6  -2  -1  -1  -1  -2   2   3  -3
DST0711*19  X220   0   4   2  -1   0   3   5   4   3   4   3   5   5   5   4   2  -2  -2  -2  12  23  31  37  30  31   9
DST0711*20  X220   0  30  17   8   9  16  17  15  15   7   9   6  -6 -32 -34 -46 -47 -47 -50 -50 -54 -59 -56 -52 -50 -18
DST0711*21  X220   0 -45 -41 -38 -37 -34 -34 -33 -36 -36 -32 -32 -28 -25 -25 -29 -32 -31 -29 -26 -24 -22 -24 -25 -22 -31
DST0711*22  X220   0 -19 -19 -22 -25 -26 -27 -23 -18 -15 -16 -15 -11  -7  -4  -6 -11 -12 -18 -31 -33 -27 -26 -29 -37 -20
DST0711*23  X220   0 -35 -30 -28 -27 -27 -26 -27 -25 -25 -24 -21 -20 -22 -23 -24 -20 -20 -19 -18 -20 -20 -18 -20 -21 -23
DST0711*24  X220   0 -20 -20 -18 -18 -15 -12 -13 -16 -14 -11  -9  -9  -7 -11 -13 -17 -20 -18 -21 -19 -16 -15 -16 -13 -15
DST0711*25  X220   0 -14 -14 -14 -11 -12 -15 -20 -17 -12 -15 -15 -15 -14 -19 -18 -19 -19 -18 -13 -10 -11 -14 -20 -18 -15
DST0711*26  X220   0 -17 -15 -14 -13 -13 -15 -19 -21 -18 -15 -14 -14 -13  -9 -10  -9  -9  -9 -12 -14 -14 -13  -9  -8 -13
DST0711*27  X220   0  -6  -4  -4  -6  -6  -7  -8  -7 -10 -12 -11  -9  -9 -12 -12 -12 -11  -8  -7  -8 -12 -13 -13  -7  -9
DST0711*28  X220   0  -8  -7  -5  -5  -4  -5  -8  -9  -9  -8  -8  -9 -13 -14 -13 -13 -13 -13 -12 -11 -10 -12 -13 -10 -10
DST0711*29  X220   0  -8  -7  -6  -4  -2  -2  -4  -4  -5  -6  -7  -5  -7  -9 -11 -11 -11  -9  -6  -4  -8  -8  -5  -4  -6
DST0711*30  X220   0  -3  -2   0  -1  -1  -2   0   5   4   1  -1   3   4   4   4   3   3   6  12  12  10   6   4   4   3
DST0712*01  X220   0  -1  -1  -3  -3   3   7   6   1   2   2   0   1   2   4   3   1   0   1   4   4   3  -3  -2  -1   1
DST0712*02  X220   0   1   2   1   1   4   5   5   7   6   3   4  10  10   5   3   3   2   1   2   4   3   1   2   3   4
DST0712*03  X220   0   4   3   2   2   3   2   3   4   2   1   0   3   6   7   6   4   1   1   2   4   4   7   7   8   4
DST0712*04  X220   0   8   7   6   5   7   7   7   6   6   8   8   9   6   5   6   9  10  11   8   7   7   8   6   3   7
DST0712*05  X220   0  -1  -2  -1   0   2   5   7   7   5   5   4   5   4   0  -3  -2  -2   0   0  -1  -1  -3  -2  -1   1
DST0712*06  X220   0  -1  -2  -3  -4  -1   1   3   1   3   5   6   9  10   8   5   6   6   5   5   3   0  -3  -3  -4   2
DST0712*07  X220   0  -5  -7  -7  -5  -3  -2   0   2   4   3   2   3   5   3   3   4   5   6   5   4   2   2   0   1   1
DST0712*08  X220   0   2   2   2   4   5   5   6   6   8   8   8   6   4   2   5   7   6   6   8   8   5   6   7   8   6
DST0712*09  X220   0  10  10  10   8   8   8   7   5   5   4   3   6   9   6   2   1  -3  -5  -5  -5  -6  -5  -3  -2   3
DST0712*10  X220   0  -2  -2   0   2   1  -5  -8  -9 -10 -10  -6  -7  -2   1   2   2   8  11  13  14  14  -1 -21 -19  -1
DST0712*11  X220   0 -10  -6 -13 -14 -16 -18 -21 -18 -18 -20 -22 -20 -14 -17 -16 -17 -21 -16 -11 -12 -16 -14 -12  -9 -15
DST0712*12  X220   0 -10 -11 -16 -26 -21 -20 -22 -20 -23 -23 -26 -20 -18 -15 -14 -14 -17 -15 -14 -14 -16 -15 -13 -13 -17
DST0712*13  X220   0 -13 -13 -14 -13 -16 -19 -15 -14 -13 -15 -17 -16 -11  -8  -8  -9 -10 -10 -12 -13 -13 -10  -9  -8 -12
DST0712*14  X220   0  -8  -8  -7  -7  -8  -6  -7 -10 -12 -12 -11  -7  -5  -5  -6  -6  -6  -7  -9 -10  -8 -10 -11 -10  -8
DST0712*15  X220   0 -10 -10  -8  -6  -5  -4   0   3   3   0  -4  -4  -6  -9 -10 -10 -10  -8  -7  -6  -5  -6  -8  -7  -6
DST0712*16  X220   0  -8  -6  -3  -3  -4  -3   1   4   4   2   1   4   4   2  -3  -6  -7  -2  -2  -6  -5  -6  -7  -5  -2
DST0712*17  X220   0  -4  -3   2  19  28  41  28  16 -13 -11  -8 -13 -17 -19 -17 -24 -33 -29 -26 -22 -18 -21 -21 -26  -8
DST0712*18  X220   0 -28 -26 -22 -20 -20 -25 -20 -21 -21 -19 -18 -19 -16 -20 -22 -27 -24 -28 -27 -20 -16 -21 -23 -25 -22
DST0712*19  X220   0 -20 -19 -19 -22 -20 -19 -20 -21 -21 -18 -17 -17 -15 -15 -14 -13 -15 -17 -10 -14 -14 -13 -12 -11 -17
DST0712*20  X220   0  -9  -6  -4  -4  -8 -12 -11 -12 -16 -15 -14 -15 -15 -11  -6  -7  -9 -13 -12 -11  -9 -14 -18 -21 -11
DST0712*21  X220   0 -18 -15 -16 -14 -15 -18 -19 -16 -17 -15 -11 -10  -9 -10 -10 -17 -19 -20 -20 -20 -16 -13 -13 -11 -15
DST0712*22  X220   0  -6  -7  -6  -9  -8 -11  -9  -8  -8  -8  -9  -7  -8 -10 -11 -12 -15 -16 -15 -19 -14 -12 -12 -14 -11
DST0712*23  X220   0 -10  -9  -8  -5  -5  -6 -10 -12 -13 -12 -11  -7  -5  -5  -6  -6  -9  -9 -10 -10 -13 -14 -12 -10  -9
DST0712*24  X220   0  -9  -6  -4  -5  -7 -10 -12 -10 -10  -9  -7  -6  -5  -5  -7  -9  -8  -7  -5  -4  -5 -10 -11  -8  -7
DST0712*25  X220   0  -5  -2   0  -2  -3  -4  -4  -7  -7  -6  -7  -8  -7  -6  -8  -8  -8  -6  -5  -5  -5  -5  -6  -7  -5
DST0712*26  X220   0  -3  -1   2   4   6   6   3  -2  -4  -4  -5  -1  -1  -3  -2  -3  -4  -1   2   3   3   4   7  13   1
DST0712*27  X220   0  12  14  16   9   3   0  -2  -3  -2  -3  -3  -3  -3  -4  -6  -4   1   5   4   6   1   0  -1   0   2
DST0712*28  X220   0  -1  -1   1   3   1  -1  -1  -3  -3  -6  -7  -5  -2  -4  -4  -5  -7  -6  -7  -8 -10 -10 -13 -13  -5
DST0712*29  X220   0 -11  -9  -5  -1   1   3   4   3   0  -3  -5  -5  -7  -8  -7  -3   2   5   7   6   2  -4  -9  -7  -2
DST0712*30  X220   0  -6  -6  -4  -1   2   3   4   3   2   2   3   5   9  11   8   1  -7  -5  -1  -1   0  -2  -5  -2   1
DST0712*31  X220   0   2   6  12  12   9   8   9  11  10  10   6   5  11   9   3   0  -4   0   4  -1  -6 -10 -10  -9   4