DST0801*01  X220   0 -12 -11  -8  -7  -5  -3  -5  -6  -5  -5  -7  -7  -6  -7  -6  -8  -8  -7  -6  -4  -5  -3  -3  -3  -6
DST0801*02  X220   0  -1   0  -1   1   4   3   3   4   4   7   5   4   4   3   3   2   0   4   5   6   6   5   1  -7   3
DST0801*03  X220   0  -7  -7  -5  -5  -4  -3  -2  -2   1   2   2   1   1  -1   1   0   1   4   4   4   4   4   3   3   0
DST0801*04  X220   0   4   6   9   8   6   6   4   4   4   4   5   7   8   6   7  13  13  14  13  13  16  16  21  37  10
DST0801*05  X220   0  31  21  20  10  11  11  15  16   2 -17  -8  -1  -6 -14 -15 -20 -17 -12  -6 -13 -16 -25 -25 -14  -3
DST0801*06  X220   0  -5  -6  -9 -15 -18 -16 -18 -22 -23 -29 -26 -20 -16 -16 -16 -20 -22 -21 -19 -19 -18 -21 -23 -25 -18
DST0801*07  X220   0 -21 -22 -26 -30 -24 -26 -28 -27 -24 -22 -23 -22 -20 -25 -22 -20 -19 -17 -16 -17 -18 -19 -20 -17 -22
DST0801*08  X220   0 -15 -15 -16 -15 -16 -14 -15 -13 -17 -22 -25 -20 -17 -18 -24 -25 -26 -25 -25 -26 -26 -20 -21 -22 -20
DST0801*09  X220   0 -23 -22 -24 -23 -21 -20 -20 -23 -21 -21 -22 -21 -21 -21 -20 -18 -15 -17 -19 -20 -18 -18 -18 -16 -20
DST0801*10  X220   0 -17 -14 -13 -11 -12 -10 -11 -10 -11 -13 -15 -16 -17 -17 -14 -10  -9  -9 -10 -10  -7  -8 -12 -15 -12
DST0801*11  X220   0 -17 -14 -11 -11 -10 -10  -9 -11 -13 -14 -16 -14 -11 -11  -9 -12 -12 -14 -17 -17 -17 -13 -12 -10 -13
DST0801*12  X220   0  -8  -8  -6  -4   0   1   3   7   4   4   4   5  11  10   3  -6 -17 -27 -27 -21 -19 -20 -21 -24  -7
DST0801*13  X220   0 -27 -25 -20 -17 -17 -18 -21 -21 -19 -18 -16 -12 -15 -24 -30 -19 -20 -29 -34 -34 -27 -19 -23 -26 -22
DST0801*14  X220   0 -23 -19 -20 -20 -16 -12 -15 -23 -19 -15 -21 -25 -21 -14  -8  -9  -8 -13 -17 -17 -17 -16 -21 -20 -17
DST0801*15  X220   0 -17 -15 -15 -13 -12 -10 -11 -12 -15 -16 -18 -20 -19 -19 -19 -17 -13 -11 -12 -14 -13 -13 -16 -19 -15
DST0801*16  X220   0 -19 -15 -15 -12 -12 -17 -19 -17 -13 -12 -17 -13 -14 -14 -13 -13 -11 -12 -12 -12 -16 -20 -19 -15 -15
DST0801*17  X220   0 -11 -11 -11 -10  -6  -7  -8 -11 -12 -11 -11 -11 -14 -17 -12  -9  -8  -8  -8  -8 -13 -12 -10  -7 -10
DST0801*18  X220   0  -1  -3  -8 -14 -13  -9  -8 -12 -14 -14 -15 -12 -13 -12 -16 -22 -29 -26 -25 -26 -23 -18 -16 -17 -15
DST0801*19  X220   0 -15 -11  -8  -8 -11 -14 -16 -16 -15 -13 -15 -15 -18 -17 -14 -16 -21 -21 -21 -19 -19 -17 -16 -14 -15
DST0801*20  X220   0 -11  -9  -6  -9 -12 -17 -16 -15 -12  -7  -8 -12 -11 -10  -8  -8  -8  -8 -10 -15 -17 -19 -17 -17 -12
DST0801*21  X220   0 -14 -10  -9  -8 -10 -11 -11 -11 -11 -13 -13 -11 -10  -8  -5  -7 -15 -20 -19 -12 -10 -15 -18 -19 -12
DST0801*22  X220   0 -16 -13 -12 -12 -13 -12 -12 -12 -11 -10 -10  -8  -7  -6  -6  -8 -10 -14 -12 -12 -12 -12 -12  -9 -11
DST0801*23  X220   0  -7  -6  -5  -4  -5  -3  -5  -4  -5  -5  -5  -3  -1  -1   1  -1  -1  -2  -2  -4  -7  -3  -3  -1  -3
DST0801*24  X220   0   3   4   2  -2  -7  -5  -7  -8  -9 -12 -11 -12  -9  -6  -4  -3  -8 -12  -8  -7  -6  -4   2   1  -5
DST0801*25  X220   0  -5  -3  -4  -6  -8  -6  -7 -11 -10 -12 -16 -15 -14 -10  -8  -6  -1  -2  -7  -6 -15 -17 -16 -18  -9
DST0801*26  X220   0 -17 -13 -11  -9 -10  -8 -10  -9 -12 -17 -19 -21 -19 -12  -9  -5  -5  -8  -9  -7  -9  -9 -10 -10 -11
DST0801*27  X220   0  -9 -10  -9  -7  -6  -5  -4  -6  -9 -13 -12 -10  -9  -7  -6  -7  -4  -3  -3  -6  -6 -10 -13 -15  -8
DST0801*28  X220   0 -15 -14 -13 -11 -11  -8  -9  -8  -9 -10 -13 -14 -11  -6  -4  -2  -2  -5  -7  -6  -5  -6  -5  -2  -8
DST0801*29  X220   0   0   2  -1   0   2   3   0  -8 -13 -13 -11 -13  -9  -6  -9 -11 -13 -13 -13 -11  -9  -7  -8  -9  -7
DST0801*30  X220   0 -10 -10  -9  -6  -3   0   0   0   1   0  -1  -4  -5  -3  -4  -4  -5  -7  -6  -7  -9  -8  -8  -7  -5
DST0801*31  X220   0  -7  -8  -9  -9  -6  -3   0   2   2   0   2   5  11  15  22  27  17   7   1  -1  -5  -9 -18 -26   0
DST0802*01  X220   0 -30 -27 -28 -26 -21 -20 -16 -11  -6  -6 -12 -10  -6  -5  -1  -1  -4 -16 -35 -36 -31 -28 -40 -49 -19
DST0802*02  X220   0 -46 -41 -41 -45 -43 -45 -39 -36 -36 -31 -27 -25 -23 -27 -30 -28 -29 -27 -27 -30 -27 -30 -36 -34 -33
DST0802*03  X220   0 -32 -32 -37 -35 -30 -31 -29 -35 -34 -37 -31 -23 -17 -16 -19 -25 -22 -22 -29 -31 -31 -31 -30 -33 -29
DST0802*04  X220   0 -31 -32 -33 -36 -34 -32 -30 -29 -25 -27 -33 -28 -23 -20 -18 -18 -19 -22 -23 -23 -21 -18 -25 -27 -26
DST0802*05  X220   0 -26 -25 -26 -26 -24 -20 -20 -20 -19 -19 -17 -15 -12 -13 -15 -15 -18 -21 -25 -28 -27 -24 -22 -20 -21
DST0802*06  X220   0 -20 -19 -19 -17 -16 -14 -12 -12  -9  -8  -8  -7  -4  -4  -5  -9 -11 -12 -16 -18 -26 -31 -32 -34 -15
DST0802*07  X220   0 -33 -31 -31 -32 -28 -23 -19 -17 -15 -14 -14 -11  -9  -7  -4  -4  -5 -11 -14 -15 -15 -14 -13 -14 -16
DST0802*08  X220   0 -16 -18 -18 -18 -19 -18 -17 -16 -17 -10  -6  -1   1  -1  -6  -7  -7 -10 -13 -17 -21 -21 -20 -17 -13
DST0802*09  X220   0 -17 -14 -12 -12 -10  -7  -6  -6  -6  -5  -5  -5  -5  -6  -7  -9  -5  -3  -1   0  -3  -1   0   1  -6
DST0802*10  X220   0   4   4   5   7   7   3  -5 -14  -7  -4  -8 -23 -25 -16 -10 -17 -24 -29 -32 -32 -31 -31 -33 -36 -14
DST0802*11  X220   0 -32 -30 -31 -31 -32 -26 -26 -25 -23 -24 -26 -25 -23 -22 -22 -20 -20 -21 -23 -23 -20 -20 -22 -23 -25
DST0802*12  X220   0 -25 -26 -24 -25 -25 -21 -20 -12 -11 -13 -12 -17 -26 -26 -22 -20 -20 -20 -22 -23 -24 -20 -17 -16 -20
DST0802*13  X220   0 -17 -18 -20 -19 -17 -13 -12 -16 -16 -12 -13 -13 -11 -12 -18 -16 -16 -18 -27 -32 -28 -21 -17 -18 -18
DST0802*14  X220   0 -23 -25 -25 -23 -21 -20 -18 -14 -10  -7  -7  -8  -7  -8  -7  -7  -7 -10 -15 -21 -26 -23 -20 -21 -16
DST0802*15  X220   0 -24 -28 -31 -26 -23 -19 -19 -19 -18 -19 -19 -20 -22 -18 -19 -18 -19 -18 -18 -16 -16 -12 -11 -12 -19
DST0802*16  X220   0 -13 -15 -21 -21 -21 -18 -15 -14 -12 -10  -9  -8  -9  -9  -9  -9 -10 -11 -18 -18 -17 -13 -12 -14 -14
DST0802*17  X220   0 -16 -18 -18 -19 -19 -15 -12 -12 -11 -13 -13 -14 -14 -13 -11 -10 -10 -13 -16 -18 -16 -14 -13 -12 -14
DST0802*18  X220   0 -13 -11 -11 -14 -11  -7  -6  -7 -10 -15 -15 -13 -13 -15 -13 -16 -14 -14 -15 -19 -25 -28 -31 -27 -15
DST0802*19  X220   0 -24 -20 -19 -19 -20 -24 -25 -28 -22 -20 -16 -13 -15 -20 -25 -25 -23 -22 -26 -33 -31 -22 -17 -17 -22
DST0802*20  X220   0 -17 -15 -15 -17 -20 -19 -19 -17 -17 -15 -15 -14 -14 -13 -12  -9  -7 -10 -12 -14 -15 -12 -13 -19 -15
DST0802*21  X220   0 -19 -19 -17 -14 -10  -5  -5  -6 -10 -10 -10 -13 -13 -16 -20 -17 -15 -16 -17 -19 -19 -15 -14 -14 -14
DST0802*22  X220   0 -13 -10  -8  -7 -10 -11 -12 -10  -9  -6  -8  -9  -9 -10  -8  -8  -7  -5  -5  -6  -8  -8 -11 -16  -9
DST0802*23  X220   0 -14 -15 -13 -14 -13 -12  -8  -5  -3  -4  -5  -6  -9  -8  -8  -6  -6  -9 -10  -6  -6  -7  -6  -8  -8
DST0802*24  X220   0  -6  -9 -13 -10  -8  -5  -4  -7 -10 -11  -7  -6  -5  -6  -2  -1  -1  -5  -5  -1  -3  -2  -3  -3  -6
DST0802*25  X220   0  -3  -3  -2  -4  -3  -5  -8 -10 -12 -11 -11  -7  -8  -9 -11 -11 -12 -11 -10  -8  -5  -2  -1  -3  -7
DST0802*26  X220   0  -3  -2  -2  -4  -6  -6  -5  -2   0  -2  -5  -6  -6  -9 -13 -13 -15 -13 -11 -10 -13 -14 -12 -13  -8
DST0802*27  X220   0 -11 -11 -12 -14 -14 -11  -9  -7  -6  -1  -1  -3  -6  -8 -10  -4   3  -1 -19 -25 -25 -21 -13 -11 -10
DST0802*28  X220   0 -11 -14 -21 -20 -23 -29 -32 -26 -16 -12  -7 -18 -13 -10  -9 -15 -27 -33 -34 -41 -36 -45 -52 -46 -25
DST0802*29  X220   0 -38 -32 -31 -28 -26 -31 -32 -32 -28 -17 -16 -20 -27 -27 -24 -25 -35 -38 -41 -38 -35 -40 -42 -45 -31
DST0803*01  X220   0 -47 -47 -41 -39 -45 -39 -39 -39 -40 -34 -33 -31 -29 -26 -27 -29 -29 -30 -34 -39 -38 -38 -36 -35 -36
DST0803*02  X220   0 -32 -30 -32 -31 -30 -28 -30 -30 -26 -23 -18 -18 -20 -22 -22 -24 -26 -29 -30 -30 -27 -25 -25 -31 -27
DST0803*03  X220   0 -34 -30 -28 -28 -29 -27 -26 -24 -23 -21 -18 -18 -19 -22 -23 -26 -25 -25 -28 -26 -25 -23 -24 -25 -25
DST0803*04  X220   0 -24 -23 -23 -23 -23 -25 -26 -27 -23 -20 -19 -17 -18 -20 -20 -19 -18 -19 -18 -17 -16 -14 -14 -16 -20
DST0803*05  X220   0 -18 -20 -19 -17 -15 -13 -12 -13 -16 -23 -29 -27 -26 -27 -26 -26 -26 -25 -26 -27 -27 -27 -27 -26 -22
DST0803*06  X220   0 -22 -21 -23 -23 -20 -18 -16 -15 -15 -15 -13 -12 -10  -9  -9 -11 -12 -12 -15 -16 -19 -18 -18 -20 -16
DST0803*07  X220   0 -19 -20 -20 -20 -20 -19 -19 -19 -17 -15 -13 -12 -13 -14 -13 -13 -15 -17 -17 -17 -15 -12 -10 -10 -16
DST0803*08  X220   0 -10 -11 -10  -9  -7  -4  -1   6  13  15  18  21  10  -5 -14  -6  -6 -16 -38 -41 -38 -34 -33 -33 -10
DST0803*09  X220   0 -34 -26 -28 -36 -57 -86 -83 -70 -60 -52 -46 -44 -44 -47 -48 -43 -42 -40 -39 -41 -39 -37 -42 -41 -47
DST0803*10  X220   0 -39 -37 -35 -37 -36 -36 -35 -34 -30 -26 -25 -26 -24 -22 -21 -17 -16 -21 -23 -26 -28 -28 -27 -32 -28
DST0803*11  X220   0 -26 -20 -19 -17 -17 -20 -28 -32 -29 -23 -20 -20 -20 -30 -30 -27 -29 -24 -25 -26 -24 -26 -30 -30 -25
DST0803*12  X220   0 -26 -19 -18 -21 -24 -22 -20 -20 -17 -16 -15 -15 -16 -20 -24 -24 -22 -20 -22 -23 -25 -23 -22 -22 -21
DST0803*13  X220   0 -20 -20 -21 -24 -23 -21 -21 -19 -16 -14 -12 -12 -23 -23 -22 -25 -23 -24 -24 -26 -30 -28 -27 -25 -22
DST0803*14  X220   0 -22 -18 -18 -17 -19 -25 -25 -17 -13 -10 -10 -12 -16 -16 -15 -18 -20 -21 -23 -30 -34 -36 -34 -32 -21
DST0803*15  X220   0 -28 -26 -23 -25 -25 -22 -20 -20 -21 -23 -25 -24 -27 -30 -31 -28 -25 -26 -22 -27 -27 -27 -25 -23 -25
DST0803*16  X220   0 -22 -17 -13 -15 -18 -20 -19 -15 -10  -6  -5  -9 -13 -15 -14 -13 -11 -12 -11 -11 -13 -18 -23 -27 -15
DST0803*17  X220   0 -26 -23 -17 -14 -15 -15 -15 -17 -14 -11 -13 -15 -13  -8  -6  -6 -12 -13 -13 -11  -9  -6  -8  -9 -13
DST0803*18  X220   0  -5  -3  -5  -4  -3 -11 -16 -15 -12  -7  -6  -5 -11 -16 -16 -17 -14 -13 -12 -12 -12  -9  -9  -9 -10
DST0803*19  X220   0  -7  -4  -2  -2  -4  -7  -6  -4  -4  -2   0   0  -2  -7 -13 -15 -17 -18 -22 -25 -29 -25 -23 -24 -11
DST0803*20  X220   0 -19 -11  -7  -9  -8  -5  -4  -3  -2  -4  -3  -9 -18 -22 -22 -19 -16 -16 -17 -17 -14 -12 -13 -14 -12
DST0803*21  X220   0 -12 -11 -12 -11 -11 -11 -11 -12 -10 -10  -6  -5  -5  -6  -7  -6  -6  -9 -10 -11 -15 -16 -16 -13 -10
DST0803*22  X220   0  -9  -5  -3  -1  -2  -6  -7  -8  -8  -7  -7  -6  -4  -3  -2  -1  -3  -2  -2  -3  -5 -12 -18 -19  -6
DST0803*23  X220   0 -16 -13 -16 -21 -18 -14 -16 -14 -10 -11  -8  -4  -4  -5  -4  -6  -5  -5  -4 -10 -12 -12 -11 -12 -10
DST0803*24  X220   0 -10  -5  -1  -2  -4  -4  -2  -2  -3  -7  -8  -6  -6  -6  -6  -5  -6  -1  -1  -2  -2  -5  -6  -6  -4
DST0803*25  X220   0  -4  -2  -3  -1  -1  -1   0  -1   0   0  -2  -4  -3  -3   1   5   4   6   7   5   6   6   5   0   1
DST0803*26  X220   0  -2  -1   0   8   7   8   4   4   5  13  11  -3 -20 -31 -27 -26 -29 -35 -46 -48 -44 -45 -44 -36 -16
DST0803*27  X220   0 -27 -22 -28 -33 -38 -36 -44 -39 -37 -37 -37 -34 -26 -24 -31 -36 -37 -41 -44 -47 -49 -56 -52 -49 -38
DST0803*28  X220   0 -49 -49 -43 -45 -35 -34 -37 -42 -43 -38 -42 -37 -35 -39 -38 -40 -45 -45 -42 -40 -41 -39 -36 -32 -40
DST0803*29  X220   0 -27 -24 -23 -24 -26 -25 -25 -24 -26 -28 -33 -34 -33 -35 -33 -31 -30 -29 -27 -26 -25 -28 -31 -32 -28
DST0803*30  X220   0 -28 -27 -28 -28 -28 -30 -32 -30 -32 -30 -29 -25 -27 -28 -28 -25 -22 -18 -19 -19 -19 -19 -20 -21 -26
DST0803*31  X220   0 -18 -18 -18 -17 -17 -17 -17 -17 -18 -22 -25 -25 -24 -20 -22 -22 -24 -23 -19 -16 -15 -17 -18 -20 -20
DST0804*01  X220   0 -21 -19 -18 -20 -20 -24 -22 -21 -21 -22 -19 -18 -18 -18 -20 -21 -22 -20 -15 -14 -13 -14 -14 -13 -19
DST0804*02  X220   0 -10  -9 -10 -12 -12 -13 -13 -14 -13 -12 -13 -11 -12 -13 -13 -13 -13 -13 -13 -12 -11  -8  -9  -7 -12
DST0804*03  X220   0  -6  -2  -1   1   0   1   3   2   3   5   2   2   1   0   3   4   2   1  -2  -4  -4  -5  -6  -6   0
DST0804*04  X220   0  -4  -1   1   2   2   0  -2  -4  -5  -3   2   2   2   4   3  11  11   8  -2 -20 -33 -26 -25 -20  -4
DST0804*05  X220   0 -14 -13 -13 -16 -16 -14 -14 -16 -18 -19 -21 -21 -20 -17 -15 -14 -21 -27 -26 -21 -19 -19 -23 -26 -18
DST0804*06  X220   0 -18 -12  -6  -7 -23 -30 -33 -31 -29 -27 -25 -28 -23 -25 -25 -21 -17 -17 -17 -19 -19 -19 -18 -16 -21
DST0804*07  X220   0 -16 -19 -21 -21 -22 -21 -18 -17 -19 -16 -16 -14 -13 -14 -11 -10 -11 -12 -13 -11 -11 -15 -23 -18 -16
DST0804*08  X220   0 -13 -11 -10 -11  -9  -7  -9 -11 -12 -17 -19 -18 -19 -16 -12 -11  -9  -9 -13 -14 -17 -18 -20 -18 -13
DST0804*09  X220   0 -18 -18 -21 -23 -22 -19 -18 -17 -15 -16 -18 -16 -19 -17 -15 -12 -11 -10  -9 -12 -11  -9  -8 -13 -15
DST0804*10  X220   0 -11  -9 -11 -14 -12 -12 -14 -15 -16 -16 -14 -14 -15 -12 -12 -13 -12  -8  -8  -9 -11 -14 -14 -15 -13
DST0804*11  X220   0 -15 -15 -15 -14 -16 -14 -12 -11 -10  -9 -13 -19 -21 -19 -16 -14 -13 -11 -10  -7  -6  -7  -7  -6 -13
DST0804*12  X220   0  -8 -11  -9  -8 -11 -10  -8 -15 -16 -20 -23 -22 -15 -14 -13 -13 -11 -11 -11 -10 -11 -10  -9  -7 -12
DST0804*13  X220   0  -7  -6  -5  -3  -1   0   1  -3  -8 -12  -7  -6  -5  -5 -12 -15 -13 -11 -13 -12 -11 -13 -13 -11  -8
DST0804*14  X220   0 -11 -12 -11 -13 -13 -11 -10 -11 -12 -12 -12 -13 -13 -13 -13 -11  -9  -8  -6  -7  -7  -9  -9  -9 -11
DST0804*15  X220   0 -10 -10  -9  -7  -6  -5  -4  -1   0   0   2   3   0  -1  -7  -5  -7  -3  -3  -1  -1  -6 -12 -20  -5
DST0804*16  X220   0 -25 -23 -20 -22 -22 -25 -26 -24 -20 -17 -14  -5  -6  -5  -4  -5  -8 -10 -25 -29 -31 -33 -26 -26 -19
DST0804*17  X220   0 -24 -23 -22 -20 -17 -15 -15 -15 -14 -14 -10  -6  -8 -10  -9  -8 -12 -12 -10 -11 -12 -10  -9 -11 -13
DST0804*18  X220   0 -15 -16 -11  -8  -9 -12  -8  -9 -10 -10 -11 -11 -11 -12 -11 -12  -8  -7  -6  -6  -5  -4  -4 -10  -9
DST0804*19  X220   0 -13 -12 -10 -10  -6  -4  -4  -5 -10 -12 -11  -8  -7  -6  -6  -6  -5  -2  -2  -5 -12  -9  -6  -4  -7
DST0804*20  X220   0  -7  -9  -5  -4  -3  -4  -4  -3  -1  -2  -4  -4  -3  -2  -2  -4  -5  -8 -11  -9  -8  -7  -5  -6  -5
DST0804*21  X220   0  -7  -7  -6  -7  -7  -8  -9 -11 -11 -10 -12 -13 -10  -7  -6  -4  -2  -1  -2  -2  -2   0   0  -2  -6
DST0804*22  X220   0  -4  -5  -4  -3  -2   0  -2  -2  -2  -2   1   3   5   8  10  11  10  14   7   4   4   2  -2 -10   2
DST0804*23  X220   0 -11 -12 -10   3   7 -13 -31 -33 -38 -40 -40 -29 -27 -29 -35 -40 -46 -46 -46 -41 -40 -40 -37 -33 -29
DST0804*24  X220   0 -34 -35 -26 -25 -25 -27 -32 -33 -38 -39 -27 -25 -26 -29 -31 -33 -27 -22 -23 -24 -30 -30 -26 -24 -29
DST0804*25  X220   0 -21 -18 -18 -22 -24 -26 -25 -24 -28 -31 -30 -25 -20 -19 -20 -22 -19 -18 -17 -17 -19 -19 -20 -21 -22
DST0804*26  X220   0 -20 -21 -20 -20 -20 -17 -15 -17 -18 -23 -29 -27 -23 -23 -27 -28 -29 -28 -29 -33 -31 -32 -32 -32 -25
DST0804*27  X220   0 -28 -22 -16 -14 -15 -12 -14 -18 -23 -24 -21 -19 -18 -18 -15 -15 -15 -17 -14 -11 -10 -11 -11 -10 -16
DST0804*28  X220   0  -6  -6  -2   0  -1  -3  -3  -7 -15 -19 -17 -15 -17 -23 -28 -29 -26 -26 -24 -22 -23 -22 -21 -22 -16
DST0804*29  X220   0 -22 -20 -22 -21 -19 -18 -21 -20 -20 -20 -18 -15 -16 -18 -19 -19 -20 -19 -15 -13 -15 -16 -16 -15 -18
DST0804*30  X220   0 -13 -13 -14 -13 -13 -10 -10 -10 -10 -11 -10  -8  -7  -7  -9 -10   1   2   5  -9 -11  -8 -11 -11  -9
DST0805*01  X220   0 -12 -10  -7  -5  -4  -4  -8  -6  -8 -10  -8  -6  -5  -5  -4  -3   3   4   4   6   6  -5 -20 -23  -5
DST0805*02  X220   0 -22 -13  -6  -2  -5 -14 -16 -15 -14 -13 -13 -12 -15 -18 -20 -17 -12 -10 -11 -10  -9  -6  -8  -6 -12
DST0805*03  X220   0  -8 -11  -8  -9 -10 -10 -12 -10 -12 -21 -16  -9  -8 -10  -8  -5  -2   1   0  -6  -9  -9 -10  -8  -9
DST0805*04  X220   0  -7  -5  -7  -9 -13 -14 -13 -15 -16 -13 -15  -9  -6  -6  -9  -8 -10 -12 -10  -7  -5  -8 -11 -11 -10
DST0805*05  X220   0  -9  -8  -5 -11 -13 -13 -13 -19 -15 -13 -10  -8  -8 -11 -14 -17 -15 -12 -18 -24 -24 -22 -19 -18 -14
DST0805*06  X220   0 -17 -19 -17 -13 -11 -15 -17 -19 -22 -22 -20 -17 -13 -13 -14 -14 -10  -9  -9 -12 -17 -18 -18 -16 -16
DST0805*07  X220   0 -15 -13 -13 -13 -14 -11 -11 -12 -12  -9  -7  -5  -6  -6  -6  -4  -2  -2  -2  -5  -5  -4  -6  -5  -8
DST0805*08  X220   0  -3  -4  -4  -4  -5  -5  -6  -7  -8  -7  -5  -5  -8  -9  -7  -8  -6  -3  -4  -7  -6  -9 -10  -9  -6
DST0805*09  X220   0  -5  -1   2   4   1  -2  -2  -5  -7  -6  -6  -7  -6  -2  -1   1   2   4   5   3   0   1  -1   0  -1
DST0805*10  X220   0  -1  -1   0   0   0   3   7   9   4   3   3   2   5   6   6   5   4   3   4   5   7   9   9  11   4
DST0805*11  X220   0   7   5   4   1   4   2   1  -2  -3  -5  -4  -3  -3   2   6   8  10   9   3   1   0  -2  -4   0   2
DST0805*12  X220   0   2   4   1  -1  -1  -1  -1  -1  -1   1   2   2   2   3   7  10  11   9   7   6   2   4   3   5   3
DST0805*13  X220   0   7   9   5   1  -4  -3  -1   0  -1   0   1   1  -2  -4  -5  -5  -4   0   1  -2  -5  -6  -7  -7  -1
DST0805*14  X220   0  -6  -4   1   2   0   1   2   3   2   2   2   1   0  -2  -2  -2  -3  -4  -4  -4  -2  -1   1   5  -1
DST0805*15  X220   0   7   9   9  11  10   9  10   7   3   5   5   4   6   4   3   4   5   4   3   5   6   8   9   8   6
DST0805*16  X220   0   9   7   7   7   5   3   3   4   5   5   7   7   1   4   3   3   3   3   1  -1  -7  -8  -6  -7   2
DST0805*17  X220   0  -4  -2  -2  -1  -1  -1  -1  -1  -1   0   0   0   0   0  -1   0  -2  -1   0   1  -1  -1  -2  -1  -1
DST0805*18  X220   0   1   1   1   1   1   2   2   4   4   3   4   4   4   6   4   5   6   5   3   4   6   6   6   3   4
DST0805*19  X220   0  -3  -6 -10  -5   0   1   1   4   7  11   6   2  -1  -3  -6  -2  -3  -6  -5  -3  -3   1   0   0  -1
DST0805*20  X220   0  -2  -6  -9  -9  -8  -6  -9 -11  -7   0  -4  -7  -7  -9 -10  -9  -7  -3  -2  -4  -9 -10 -10  -5  -7
DST0805*21  X220   0  -3  -8 -15 -28 -29 -26 -24 -19 -15 -11 -11  -8  -6  -8  -8  -8  -5  -6  -9  -9  -9 -10 -12 -17 -13
DST0805*22  X220   0 -23 -26 -24 -24 -22 -21 -16 -12 -11 -10  -8  -7 -10 -12 -13 -12  -8 -14 -14 -16 -12 -10 -14 -13 -15
DST0805*23  X220   0 -10  -9 -11  -7  -5  -7  -8  -8  -6  -5  -7 -10 -12 -15 -16 -13 -11 -10  -9 -14 -12 -11 -13 -15 -10
DST0805*24  X220   0 -13 -14 -10  -7  -7  -7  -9 -13 -16 -17 -15 -11 -13 -12 -10 -11 -10  -9  -8  -8 -10 -15 -20 -21 -12
DST0805*25  X220   0 -20 -16 -15 -14 -11 -12 -13 -10  -6  -7  -8  -7  -4  -5  -4  -4  -5  -6  -7  -7  -6  -7  -7  -7  -9
DST0805*26  X220   0  -7  -6  -6  -6  -9  -9  -8  -8  -8  -8  -9 -10 -12 -12 -13 -13 -13 -12 -10  -7  -5  -7  -9 -11  -9
DST0805*27  X220   0 -13 -12 -12  -9  -8  -7 -10 -11  -9  -6  -5  -5  -5  -7  -7  -5  -3  -3  -2   4   6   4  -2   0  -5
DST0805*28  X220   0   0  -2   6  12  16  10   4  -5 -11  -6  -3  -3  -4  -8 -10 -11 -16 -16 -13 -14 -13 -11 -10 -12  -5
DST0805*29  X220   0 -13 -10  -9  -6  -8  -8 -11 -10  -4  -2  -1  -1  -2  -8 -11  -4  -1  -1  -3  -4  -3  -7  -7  -5  -6
DST0805*30  X220   0  -6 -13 -20 -17 -15 -13 -12 -11  -8  -5  -1   0  -2  -1  -7 -16 -14 -14  -9  -4  -4  -5  -8  -8  -9
DST0805*31  X220   0  -9 -10  -9  -8 -10 -14 -21 -20 -14 -10  -7 -13  -5  -6 -10 -11 -12 -15 -14 -13 -12 -12 -10  -7 -11
DST0806*01  X220   0  -5  -6  -8  -8  -8 -11 -12 -10  -8  -5  -4  -1   0  -2  -5  -8  -9  -5  -7  -9  -8  -9  -9 -11  -7
DST0806*02  X220   0  -9  -8  -8  -8 -12 -16 -17 -14 -11 -10  -9  -7  -8  -8 -10  -8  -8  -7  -7 -12 -14 -14 -12  -7 -10
DST0806*03  X220   0  -1   0   0  -4  -5  -4  -4  -3  -3  -2   0   2   2   4   5   5   1  -1  -3  -3  -3   0   2   1  -1
DST0806*04  X220   0   1   0   0   0  -1  -4  -9 -10  -8  -5  -3  -2  -2  -3  -2  -3  -3  -3  -3  -3  -1  -2  -3  -1  -3
DST0806*05  X220   0   1   3   4   4   3   2   0  -3  -5  -7  -9  -6  -2   0   3   3   0  -2   0   3   6   4   1   1   0
DST0806*06  X220   0   3   4   4   7   7   6   4   2   3   8  -2   0   2   4   6   5   6   1  -3  -7  -6  -5  -4  -2   2
DST0806*07  X220   0   1  -2  -4  -4  -4   1   6  -4 -12  -9  -1  -2  -4  -7  -9 -15 -14  -9 -12  -6 -10  -9 -13 -15  -7
DST0806*08  X220   0 -16 -13 -11 -12  -9  -7 -10 -10 -11  -9  -6  -6  -4  -3  -5 -11 -12 -11  -9  -6  -6  -8  -7  -5  -9
DST0806*09  X220   0  -4  -5  -8 -11 -12 -13 -13 -11  -9  -6  -3  -2   0   1   1   0   1   2   3   4   7   2  -4  -3  -3
DST0806*10  X220   0  -4  -3  -2   0   1   0  -2  -2   0   2   3   3   0   0   2   0  -1   1  -1  -1   2   2   4   7   0
DST0806*11  X220   0   8   8   7   3   2   4   9   9   7   4   4   7   3   3   2   0   0   0   1   2   6   3   3   1   4
DST0806*12  X220   0   0  -1   2   4   1   0   1   3   3   4   4   5   2   0  -1   4   6  11  11  10   5   4   0  -2   3
DST0806*13  X220   0  -4  -3  -3  -2   0   2   4   6   8  10  11  10   9   8   4   5   9  11   9   5   6   7   7   6   5
DST0806*14  X220   0   4   5   4   4   2   1  -2  -2   0   5   7   8  18  30  35  31  32  34  27  22   9 -13 -22 -31   9
DST0806*15  X220   0 -23 -17 -20 -33 -39 -41 -39 -37 -28 -26 -20 -20 -21 -19 -21 -21 -17 -15 -11 -13 -15 -19 -17 -16 -23
DST0806*16  X220   0 -14 -14 -16 -17 -19 -18 -14 -11 -12 -10  -7  -2  -3  -4  -1  -3  -5 -11 -17 -21 -25 -28 -28 -25 -14
DST0806*17  X220   0 -20 -14 -16 -18 -22 -21 -20 -20 -19 -15 -11 -11 -16 -17 -17 -16 -14 -16 -18 -20 -16 -16 -16 -16 -17
DST0806*18  X220   0 -19 -19 -21 -18 -20 -17 -16 -16 -16 -18 -14 -12 -10 -10 -12 -10 -10 -10 -10 -12 -14 -15 -15 -14 -15
DST0806*19  X220   0 -16 -17 -17 -17 -17 -17 -17 -14 -10  -6  -2  -1  -1  -9  -9 -11 -12 -11 -10 -10  -9 -10  -9  -3 -11
DST0806*20  X220   0  -2  -2  -4 -11 -10 -14 -30 -30 -24 -20 -16 -20 -20 -20 -17 -17 -18 -15 -12 -10 -12 -14 -11 -10 -15
DST0806*21  X220   0 -10 -13 -15 -17 -18 -17 -16 -15 -13 -11 -11 -14 -10  -5   0   0  -1   0   1  -3  -7 -12 -11 -11 -10
DST0806*22  X220   0 -14 -15 -13 -12 -13 -14 -14 -14 -12 -10 -11 -10  -9  -9  -8  -7  -6  -4  -6  -6  -7  -7  -9 -10 -10
DST0806*23  X220   0 -12 -11  -9  -8  -7  -6  -7  -5  -4  -5  -5  -5  -5  -6  -5  -7  -7  -7  -4  -6  -2  -1   0   0  -6
DST0806*24  X220   0  -3  -8 -10 -10 -10 -11  -9  -8  -8  -9  -8  -6  -6  -6  -5  -5  -4  -2   1   3   9   8   7   5  -4
DST0806*25  X220   0  -4 -12 -19 -24 -29 -26 -24 -21 -23 -17 -13 -11  -9  -6  -4  -2   5   9   2  -2  -2   2   4  -2 -10
DST0806*26  X220   0  -3  -4 -10  -2  -5 -17 -16 -10 -17 -17 -15  -9  -6  -8  -3  -2  -1  -1   0   3  -2  -3  -4  -7  -7
DST0806*27  X220   0 -12 -16 -16 -13 -13 -14 -15 -15 -11  -7  -5  -5  -9  -7  -5  -7 -12 -11  -9  -6  -4  -5  -4  -2  -9
DST0806*28  X220   0  -3  -5  -7  -8  -8  -8  -9  -9  -8  -6  -5  -3  -3  -4  -4  -5  -6  -6  -8 -10  -7  -8  -8  -8  -7
DST0806*29  X220   0  -6  -4 -10 -15 -15 -12 -10 -10 -10 -12  -8  -6  -2  -1  -3  -5  -6  -1   1   3  -4 -11 -19 -18  -8
DST0806*30  X220   0 -15 -13  -9  -9 -11 -14 -14 -10  -6   0   2   2   0   0   0   0   0  -2  -3  -6  -8  -7  -3  -4  -5
DST0807*01  X220   0  -6  -7  -5  -5  -4  -1  -1  -3  -3   0   2  -3  -2  -4  -4  -7  -8  -5  -2  -1   0   4   9   6  -2
DST0807*02  X220   0   2   0  -1  -2  -2  -4  -4  -5  -5  -3  -3  -3  -1  -2  -1  -1   0  -1   2   2   2   1   4   4  -1
DST0807*03  X220   0   3   3   1  -2  -3  -3  -3  -2   1   3   4   4   4   6  11  12  13  13  13   7   5   4   6   5   4
DST0807*04  X220   0   3   4   4   5   6   5   3   4   5   7   9  10   9   9   7   6   6   6  10  14  14  16  15  11   8
DST0807*05  X220   0   5   8  16  13  14  16  16  13  10   5   2   4  -2  -5 -10  -7  -4  -4  -2  -4  -3  -3  -4  -6   3
DST0807*06  X220   0  -9  -9  -6  -1   0  -3  -2  -3  -3  -1   0   0  -3  -4  -1   1   0   0  -3  -3  -3  -5  -4  -5  -3
DST0807*07  X220   0  -8  -8  -8  -8  -9 -10 -10  -9  -7  -8  -8  -6  -8  -8  -6  -6  -4  -3  -2  -1  -2  -3  -4  -1  -6
DST0807*08  X220   0   0   1   3   3   3   2   1   2   3   3   4   5   3   0   1   1   0  -1  -3  -1   0   2   2   2   2
DST0807*09  X220   0   5   8   9   4   3   1   0   2   4   4   2   2   4   6   7   7   4   3   4   5   2  -1   1   3   4
DST0807*10  X220   0   4   3   5   6   9   9  10  11  13  12  10   3  -2   1   3   3   2  -1  -3  -3  -2  -6  -8  -9   3
DST0807*11  X220   0  -6   1   6  10  11  10   8  11  12   9  10   3  -1  -6  -3   2   4   8  12  13  16  20  24  20   8
DST0807*12  X220   0  17  18  16   8  -4 -12 -24 -30 -34 -30 -19 -23 -25 -26 -25 -27 -26 -21 -20 -23 -23 -23 -19 -19 -16
DST0807*13  X220   0 -19 -17 -17 -17 -16 -14 -12 -11 -15 -11 -12 -13 -13 -16 -16 -16 -12 -11 -10 -12 -11 -15 -18 -19 -14
DST0807*14  X220   0 -19 -16 -16 -15 -15 -14 -10 -10 -14 -10  -9  -8  -7  -7  -6 -12 -11  -7  -4  -6 -11 -14 -16 -14 -11
DST0807*15  X220   0 -15 -13 -13 -12 -10 -10  -9  -7  -7  -9 -12 -12 -13 -13 -13 -12 -12 -12 -12 -12 -11 -11 -14 -12 -12
DST0807*16  X220   0 -13 -14 -13 -11 -12 -14 -14 -10  -9  -7  -9 -10 -10  -9  -6  -5  -4  -4  -6 -10 -13 -15 -16 -17 -10
DST0807*17  X220   0 -18 -17 -14 -12 -10 -10  -9  -8 -10 -11  -9 -10 -11 -10  -6  -3  -3   1   2  -1  -4  -6  -8  -8  -8
DST0807*18  X220   0  -9 -10  -9  -8  -8  -8  -9  -9  -9  -8  -7  -8  -9 -11  -9  -9  -8  -7  -9 -12 -11 -10  -8 -10  -9
DST0807*19  X220   0 -12 -13 -13  -9  -2   1   2   1   0  -1   0   0   2   3   3   3   4   3   1  -1  -2  -6  -5  -5  -2
DST0807*20  X220   0  -5  -5   0   2   3   2   0   0  -1   0   0   1  -1  -2   1   4   6   8   4  -3  -7  -7   0   2   0
DST0807*21  X220   0   0   2   8  12  13  12  10   7   3  -1  -3   0  -1  -3  -4  -3  -2   2   5   3  -1  -3  -5  -6   2
DST0807*22  X220   0  -7  -7  -5  -2   0  -2  -3   1   7  11  13   6   8   8   6   8   5  -1   4   3   8   7  -3 -14   2
DST0807*23  X220   0 -13 -14  -8  -2 -13 -16 -14 -12 -10  -7  -7  -8 -12 -18 -13 -14 -12 -10  -9 -13 -20 -22 -20 -22 -13
DST0807*24  X220   0 -27 -27 -24 -19 -18 -16 -19 -20 -16 -15 -14 -13 -16 -19 -19 -20 -17 -14 -12 -11 -14 -13 -13 -11 -17
DST0807*25  X220   0 -15 -19 -18 -14 -13 -11 -11 -11  -9  -9  -8  -8 -11 -10  -6  -5  -3  -2  -4  -7  -6  -4  -2  -3  -9
DST0807*26  X220   0  -6  -7  -7  -7  -9 -10  -9  -9 -10 -10 -11 -12 -12 -10  -8  -9  -9  -8  -7 -10 -10 -11 -11 -12  -9
DST0807*27  X220   0 -14 -17 -16 -13 -10  -8  -7  -8 -10 -11 -12 -13 -13 -11  -9  -6  -5  -4  -2  -3  -4 -11 -17 -18 -10
DST0807*28  X220   0 -17 -12  -8  -8 -10 -12 -11 -10  -7  -7  -7  -4  -4  -8  -8  -8  -8  -8  -6  -5  -4  -5  -8 -10  -8
DST0807*29  X220   0 -14 -18 -17 -14 -10  -9  -8  -8  -8  -7  -5  -4  -4  -4  -3  -2  -2  -2  -4  -3   2   4   2  -2  -6
DST0807*30  X220   0  -3   1   2   4   4   5   5  -1  -4  -3  -2   1   0  -1  -1  -2  -1  -2  -4  -4  -3  -1  -2  -4  -1
DST0807*31  X220   0  -4  -2   0   1   1   2   3   3   3   1   0  -1  -3  -3  -3  -1  -1  -3  -6  -9  -8  -4  -3  -4  -2
DST0808*01  X220   0  -2   0   1   3   0   1   2   2   3   4   5   4   0  -1   0  -1   0  -2  -1  -2  -2  -5  -6  -6   0
DST0808*02  X220   0  -5  -4  -3   0   1   2   1   1   1   1   1   2   1   1   4   6   7   6   8   6   4   0   0   1   2
DST0808*03  X220   0   0   1   3   2   2   1   0  -1   2   3   7   7   4   2  -1  -2   0  -2  -5  -6  -6  -4  -6 -11   0
DST0808*04  X220   0 -14 -12  -7  -3  -5  -3  -1   1   3   5   4   5   6   5   2   1   2   1   0  -1  -1   0   0  -2  -1
DST0808*05  X220   0  -1  -2  -1   4   6   7   4   2   3   3   0  -1   1   1   1   6  11  11  11  10  11  13  12  12   5
DST0808*06  X220   0  10  11  13  12  10   6   2   0   1   1   1   4   0  -1   2   1   2   2  -2   0   1   1  -1  -4   3
DST0808*07  X220   0  -3   0   0  -2  -4  -4  -2  -1  -3  -4  -4  -1   3   3   1  -1  -1  -2  -2  -4  -2   2   2   1  -1
DST0808*08  X220   0   3   1   1   0  -3  -4  -2  -2  -2  -1  -2   0   1   2   4   5   4   6   3   3   5   8   5   5   2
DST0808*09  X220   0  18  27  33  38  39  29  18  14   9   9   1  -2   0   0  -2  -3 -11 -10 -11  -8 -10 -16 -19 -18   5
DST0808*10  X220   0 -18 -15 -10 -12 -24 -33 -26 -21 -18 -20 -19 -17 -12 -11 -11 -13 -12 -14 -15 -14 -16 -18 -21 -19 -17
DST0808*11  X220   0 -15 -13 -16 -17 -15 -15 -15 -15 -14 -18 -17 -11  -7  -5  -5  -9 -10 -12 -12 -11 -11 -12 -12 -12 -12
DST0808*12  X220   0 -14 -13 -12 -12 -14 -12 -12 -10 -10 -10 -10 -10 -12  -9  -7  -7  -4  -7  -7  -6  -5  -7  -6  -4  -9
DST0808*13  X220   0  -6  -6 -10 -14 -15 -14 -12 -10 -12 -11 -10 -10  -9  -8  -6  -7  -6  -7  -9 -10  -7  -5  -3   3  -9
DST0808*14  X220   0   4   4   0  -7 -13 -17 -15 -15 -12 -11 -11 -13 -14 -11 -10  -9  -9 -10  -8  -7  -6  -6  -5  -4  -9
DST0808*15  X220   0  -4  -7  -7  -7  -7  -7  -8  -7  -7  -6  -6  -4  -1  -1  -2  -5  -6  -7  -6  -5  -2  -2   1   4  -5
DST0808*16  X220   0   6   8   9   7   3   3   1  -4  -6  -8  -4   1   4   7   7   5   4   3  -1   0   2   6   9   4   3
DST0808*17  X220   0   0  -2  -2  -2  -5  -6  -7  -3  -1  -2  -5  -9 -11 -10 -10 -10 -11 -13 -14 -13  -9  -9  -6  -3  -7
DST0808*18  X220   0  -3  -9 -15 -12 -10  -8  -5  -3  -5  -6  -8 -17 -10 -11 -16 -16 -13  -9  -7  -4  -7 -16 -17 -18 -10
DST0808*19  X220   0 -19 -24 -26 -24 -23 -22 -17 -18 -14 -16 -15 -11 -11 -10 -11 -15 -18 -20 -18 -18 -13  -7  -9 -10 -16
DST0808*20  X220   0 -11 -14 -17 -22 -20 -17 -14 -13 -12 -11 -10 -10  -8  -6  -4  -4  -6  -4  -4  -2  -1  -1  -4  -5  -9
DST0808*21  X220   0  -6  -6  -6  -6  -8  -7  -6  -8 -11 -12 -12 -12 -10  -6  -6  -5  -5  -6  -7  -7  -4  -3  -3  -3  -7
DST0808*22  X220   0  -4  -3  -5  -6  -4  -5  -7  -5  -5  -6  -7  -6  -7  -7  -8  -9  -7  -5  -4  -1   1   1  -1  -1  -5
DST0808*23  X220   0  -1  -2  -4  -5  -3   0   1   1   1  -1   0   1   2   1   0   3   6   6   4   4   5   6   7   8   2
DST0808*24  X220   0   7   6   6   5   6   7   7   6   6   6   6   6   6   8   7   6   5   5   5   7  10   9   7   5   6
DST0808*25  X220   0   5   7   5   3   1   0  -1  -2  -3  -4  -5  -5  -6  -5  -4  -3  -2   0   0   0   1   2   3   3   0
DST0808*26  X220   0   2   1  -1  -2  -2  -1   1   5   6   7   8   8   9   9   5   1   3   3   2   1   1   1   5   4   3
DST0808*27  X220   0   3   3   4   3   0  -3  -5  -3  -1   1   3   4   3   4   4   4   4   3   0   1   4   4   5   6   2
DST0808*28  X220   0   8   7   4   0   1   1   3   5   5   5   4   4   5   7   6   4   3   2  -1  -2   1   3   3   3   3
DST0808*29  X220   0   5   9   7   2  -1  -1  -1   0   0   2   2   2   2   3   4   8  11   7   6   4   5   6   7   5   4
DST0808*30  X220   0   6   3   3   2   2   2   1  -1  -1  -2  -1  -2  -1   0   3   3   3   1   1   3   3   2   3   4   2
DST0808*31  X220   0   7   8   8   8   7   7  10   9   4   1   3   4   3   3   4   3  -1  -1   2   3   1   1   1   2   4
DST0809*01  X220   0   4   5   5   2   1   1   3   4   3   3   2   2   3   6   8   7   4   0  -4  -5  -2   2   4   6   3
DST0809*02  X220   0   9  10   5   0  -1  -1   0   0  -2  -4  -7 -10  -7  -3  -1  -2  -2  -3  -5  -3   0  -1  -2  -1  -1
DST0809*03  X220   0   0   4   5   5   7  15  19  14  10   1   2  -1  -3  -1   4   9  19   9   5   8  11  15  13  11   8
DST0809*04  X220   0   5 -10 -29 -47 -51 -41 -32 -29 -20 -16 -13 -22 -31 -26 -31 -33 -27 -26 -25 -26 -27 -27 -25 -23 -26
DST0809*05  X220   0 -20 -21 -24 -28 -29 -28 -23 -22 -20 -17 -17 -15 -18 -18 -15 -14 -14 -16 -18 -19 -16 -13  -9  -7 -18
DST0809*06  X220   0  -9 -17 -16 -14 -12 -11 -10  -8  -6  -6  -7  -8 -11 -12 -10  -7  -7  -5  -9 -11 -10  -9  -6  -5  -9
DST0809*07  X220   0  -5  -8 -10 -11  -9  -7  -5  -5  -5  -5  -5  -7 -11 -11 -11 -10  -7  -5 -12  -8  -4  -2  -4  -5  -7
DST0809*08  X220   0  -4  -3  -4  -6  -7 -11  -8  -6  -9 -13 -11 -11 -14 -10 -10 -11  -9 -10 -15 -16 -14 -11  -9 -10 -10
DST0809*09  X220   0  -9  -7  -7  -7  -9  -9  -6  -3  -6  -7  -8  -9 -10  -8  -6  -7  -9  -8  -7  -5  -4  -6 -11 -10  -7
DST0809*10  X220   0  -6  -2  -1  -3  -3  -3  -2  -4  -5  -6  -9 -11  -9 -10  -9  -6  -6  -8  -8  -8  -6  -8  -9  -9  -6
DST0809*11  X220   0  -9  -9  -9 -10  -9  -5  -3  -3  -5  -4  -5  -9  -9  -7  -5  -2   0   0  -4  -5  -5  -5  -9 -10  -6
DST0809*12  X220   0  -7  -4  -3  -5  -6  -6  -7  -6  -4  -5  -6  -7  -8  -9  -9 -10  -9  -9  -9 -10  -9  -9  -8  -5  -7
DST0809*13  X220   0   0   1   2   2   1   3   5   4   5   5   5   3   1   0  -1  -1   1   4   4   4   3   2   2   4   2
DST0809*14  X220   0   6   7   9   9   7   6   6   6   5   5   3  -1  -3  -1   1   3   3   2   0   6   5  10   6  -4   4
DST0809*15  X220   0  -8  -6  -2   3   1   3   0   1  -9  -6 -19 -30 -30 -22 -20 -22 -22 -25 -25 -27 -27 -21 -18 -13 -14
DST0809*16  X220   0 -10  -8  -7  -6 -11 -15 -19 -23 -22 -17 -18 -20 -20 -19 -18 -17 -17 -19 -17 -19 -21 -22 -22 -21 -17
DST0809*17  X220   0 -19 -15 -15 -16 -19 -20 -19 -17 -14 -11  -8  -9 -10  -8  -5  -4  -3  -4  -5  -4  -4  -5  -8  -7 -10
DST0809*18  X220   0  -8  -7 -10 -11 -13 -15 -18 -23 -22 -25 -30 -31 -30 -27 -22 -19 -16 -15 -14 -14 -14 -16 -18 -17 -18
DST0809*19  X220   0 -13 -12 -12  -9  -7  -6  -6  -9 -10 -12 -16 -19 -17 -12  -5   0  -1  -2  -5  -7 -11 -12 -10  -8  -9
DST0809*20  X220   0  -8  -9 -11  -8  -5  -3  -4  -4  -5  -6  -6  -8  -6  -4  -2   2   4   4   4   4   2   2   1   0  -3
DST0809*21  X220   0   0  -3  -2   1   2   2   3   2   3   4   3   2   2   2   3   3   3   1  -1  -1  -1  -1  -6 -12   0
DST0809*22  X220   0 -19 -24 -20 -15  -8  -6  -7  -8  -7  -5  -3  -2  -1   0   1   1   1   0  -2  -3  -2  -4  -4  -4  -6
DST0809*23  X220   0  -3  -2  -1  -1   0   0   0  -1  -1   0   2   2   0   0  -1  -2  -2  -3  -2  -4  -7  -9  -9  -5  -2
DST0809*24  X220   0   0   3   4   3  -1  -3  -2   0   2   0  -2  -1   1   3   4   2  -2  -3  -3  -1   0   2   3   1   0
DST0809*25  X220   0   5   4   3   3   5   6   6   5   6   5   6   6   9  11  10   9  11  12  10   3  -6  -9  -8  -5   4
DST0809*26  X220   0  -2  -4  -5  -5  -3  -2  -3  -3  -3  -3  -1  -2  -2   0   0  -3  -3  -2  -1   2   4   5   5   5  -1
DST0809*27  X220   0   5   5   4   4   4   5   3   3   2   1   1   3  10  10   9   8   6   6   2  -2  -4  -7  -8  -4   3
DST0809*28  X220   0  -2   0   0   2   3   1   0   0   0   3   2   1   1   0  -3  -1  -1   2   6   9   8   4   3   3   2
DST0809*29  X220   0   4   5   6   6   6   4   2  -3  -7  -7  -1   0  -2  -3  -4  -3  -1   0   0  -1  -2  -4  -3  -3   0
DST0809*30  X220   0  -4  -4  -1   0   3   5   6   4   3   2   3   5   7  10   9   9  12  11  14  14  13   4  -1  -4   5
DST0810*01  X220   0  -2  -1  -1   0   2   4   3  -4  -6  -1  -1   0   2   4   7   4   3   3   0   0  -1   2  -2  -5   0
DST0810*02  X220   0  -6  -6  -6  -1  -2  -4  -2   0   4  -1  -5 -15 -27 -29 -24 -19 -17 -17 -16 -15 -16 -15 -13 -13 -11
DST0810*03  X220   0 -12 -20 -20 -18 -15 -16 -21 -21 -17 -16 -18 -16 -20 -16 -12 -13 -12  -8  -5  -4  -6 -16 -17 -11 -15
DST0810*04  X220   0 -12 -12 -14 -18 -19 -15 -13 -13 -11 -13 -16 -17 -15 -16 -16 -16 -14 -15 -14 -13 -14 -16 -17 -14 -15
DST0810*05  X220   0 -13 -14 -16 -15 -11 -12 -13  -7  -3  -2  -3  -2  -3  -5  -7  -9  -8  -9 -12 -13 -14 -13 -11 -11  -9
DST0810*06  X220   0 -10 -10 -11 -13 -14 -12 -11 -12 -11 -10  -8  -7  -8  -7  -4  -3  -3  -5  -7  -6  -4  -4  -6  -5  -8
DST0810*07  X220   0  -6  -8  -7  -6  -4  -3  -3  -2  -2  -2  -2  -1  -2  -3  -4  -7  -7  -7  -6  -3  -2  -3  -4  -4  -4
DST0810*08  X220   0  -3  -4  -5  -4  -4  -5  -4  -2  -2  -1   0   2   4   5   4   3   4   5   5   5   5   3   1   1   1
DST0810*09  X220   0   1   0   1   1   1   0   0   1   2   2   2   2   1  -1  -1  -1   0   0  -1  -2  -3  -2  -2  -2   0
DST0810*10  X220   0  -3  -2  -1   1   4   7   8   6   6   7   7   8   6   6   4   1   1   0   0   2   5   7   9   8   4
DST0810*11  X220   0   9   7   2  -1  -4  -2   7  12  -6 -29 -47 -54 -45 -38 -41 -43 -44 -52 -47 -41 -38 -36 -32 -35 -25
DST0810*12  X220   0 -40 -38 -39 -40 -39 -37 -36 -32 -30 -27 -28 -25 -26 -25 -25 -23 -23 -24 -23 -21 -21 -23 -22 -22 -29
DST0810*13  X220   0 -23 -24 -25 -22 -24 -22 -18 -18 -22 -20 -18 -18 -16 -15 -16 -19 -19 -18 -16 -15 -15 -16 -17 -18 -19
DST0810*14  X220   0 -20 -19 -17 -13 -16 -16 -17 -21 -22 -21 -18 -14 -12 -10 -12 -12 -12 -13 -14 -11  -9  -9  -8 -10 -14
DST0810*15  X220   0 -14 -20 -26 -27 -27 -27 -28 -33 -33 -30 -27 -26 -24 -23 -21 -20 -19 -15 -11  -7  -8 -12 -17 -16 -21
DST0810*16  X220   0 -11 -12 -13 -13 -16 -18 -19 -20 -20 -18 -18 -17 -17 -17 -18 -20 -19 -16 -12 -10 -11 -13 -11 -12 -15
DST0810*17  X220   0 -13 -15 -14 -13 -10  -9  -8  -8 -10 -12 -11 -10 -10  -7  -7  -8  -9  -9  -6   0  -1  -2  -4  -5  -8
DST0810*18  X220   0  -6  -8  -7  -6  -7  -6  -4  -6  -7  -6  -5  -3  -1   0   0   0   2   4   4   6   7   7   5   3  -1
DST0810*19  X220   0   2   0   0   1   0   1   2   1  -2  -2  -4  -7  -7  -5  -6  -4  -4  -6  -4  -3  -2  -3  -9 -17  -3
DST0810*20  X220   0 -18 -15 -12  -9  -9  -9  -9 -10 -10  -9  -5  -3  -1   2   1  -2  -4  -5  -4  -3  -2  -4  -3  -3  -6
DST0810*21  X220   0  -4  -7 -10 -13 -10  -7  -7 -10 -11  -9  -7  -4  -3  -2  -4  -5  -5  -5  -5  -3  -1  -3  -2  -2  -6
DST0810*22  X220   0  -2  -2   0   0   1   2   3   3   3   4   4   5   2   0   0  -1  -5  -7 -13  -8  -7  -5  -8 -10  -2
DST0810*23  X220   0 -10 -13 -13 -10 -11 -10  -7  -8  -8 -10  -7  -5  -4  -3  -4  -4  -3  -1  -2   0  -1  -3  -3  -2  -6
DST0810*24  X220   0  -2  -1  -2   1   0  -1  -2  -3  -3  -1   0   0  -1  -3  -3  -3  -3  -4  -5  -4  -4  -4  -5  -5  -2
DST0810*25  X220   0  -2   0   0   1   3   3   5   6   7   9   7   5   5   4   5   5   2   4   5   2   1   3   7  10   4
DST0810*26  X220   0  11  13  12   9   6   7   2   5   3   2   2   2   3   1  -3  -1  -2  -3  -3  -4  -4  -5  -4  -5   2
DST0810*27  X220   0  -7  -3  -1   0   0  -1  -4  -4  -3  -3  -4  -4  -2  -1  -1  -2  -3  -3  -2  -2  -1   1   2   2  -2
DST0810*28  X220   0   2   4   5   3   1   1   6   9   5  10  11  12  15  14  12   8   8   6   5   2   4   4   7  11   7
DST0810*29  X220   0   8   6   7   7   4   1 -22 -19 -15  -9  -7  -8  -6 -10 -11 -11 -16 -18 -15 -16 -17 -15 -15 -15  -9
DST0810*30  X220   0 -13 -12 -10  -7  -4  -5  -6  -6  -7 -10  -9 -13 -13 -10  -9  -9 -15 -18 -17 -14 -11 -11 -13 -14 -11
DST0810*31  X220   0 -13 -10 -12 -12 -11 -12 -14 -16 -15 -14 -12  -8  -6  -6  -6  -7  -9 -10 -10  -8  -8 -10 -12 -13 -11
DST0811*01  X220   0 -12  -9  -6  -4  -4  -4  -5  -5  -8  -8  -5  -6  -5  -5  -4  -3  -3  -4  -5  -6  -7  -9  -7  -3  -6
DST0811*02  X220   0   0   1   1   4   2   1   0  -4  -6  -5  -6  -7 -10 -11  -9  -8  -7  -5  -5  -6 -10 -13 -11  -9  -5
DST0811*03  X220   0  -7  -6  -4  -3  -2  -2  -4  -4  -7  -9  -8  -6  -3  -2  -3  -3  -2  -2   0   0  -2  -4  -9 -11  -4
DST0811*04  X220   0  -9  -7  -5  -4  -4  -4  -6  -8  -7  -7  -7  -5  -2   0  -2  -3  -4  -2  -1   1   1   0  -2  -3  -4
DST0811*05  X220   0  -3  -3  -3   0  -1  -2  -3  -3   0  -1   0   1   2   1   0   0   0   1   2   3   2   0   1   1   0
DST0811*06  X220   0   1   1   4   4   3   2   3   4   4   6   6   6   4   3   6   7   8   9   8   5   3   6  10  13   5
DST0811*07  X220   0  15  19  19  22  14  13   6  -4  -9 -13  -7  -2   4  14  11  12  16  14  11   3   1  -8 -17 -17   5
DST0811*08  X220   0 -12 -13 -17 -16 -14 -22 -22 -24 -29 -29 -28 -19 -18 -18 -17 -20 -21 -20 -17 -14 -14 -13 -12  -9 -18
DST0811*09  X220   0 -13 -12 -14 -15 -14 -17 -18 -21 -21 -21 -18 -21 -15 -12 -10 -12 -13 -14 -12 -13 -17 -23 -21 -20 -16
DST0811*10  X220   0 -20 -23 -20 -15 -14 -15 -16 -16 -16 -16 -14 -11 -12 -14 -15 -15 -15 -17 -16 -14 -13 -12 -12 -11 -15
DST0811*11  X220   0 -10  -8  -8  -9  -9 -11 -10 -10 -12 -14 -14 -12 -11  -9  -8  -8  -8  -9 -11 -11 -12 -11 -10 -12 -10
DST0811*12  X220   0 -11 -10  -7  -4  -3  -5  -7 -10 -13 -13 -11  -9  -9  -9  -8  -7  -9 -10  -8  -7  -5  -5  -5  -4  -8
DST0811*13  X220   0  -2   1   3   3  -1  -3  -3  -4  -6  -7  -7  -6  -6  -5  -4  -5  -4  -4  -4  -3  -3  -1   1   3  -3
DST0811*14  X220   0   4   6   8   7   6   5   2   1   0   1   2   3   2  -1  -1   0   2   6   6   8  10   9   7   7   4
DST0811*15  X220   0   7   8   6   4   0  -1  -2  -3  -3  -5  -5  -4  -3  -3  -1   2   8  13  14  17  16  10  11   5   4
DST0811*16  X220   0 -10 -20 -23 -23 -29 -28 -26 -26 -24 -27 -27 -25 -24 -18 -13 -11 -12 -11 -10 -10 -10 -12 -16 -16 -19
DST0811*17  X220   0 -15 -13 -13 -11 -11 -10  -8  -9 -10 -10 -10 -11 -10  -8  -7  -7  -7  -7  -9  -5  -4  -4  -4  -5  -9
DST0811*18  X220   0  -7  -7  -8  -7  -3  -1   0   2   3   2   0  -1  -2  -1   0   1   1  -1  -2  -2  -3  -2  -1  -1  -2
DST0811*19  X220   0  -1  -1  -1  -2  -2  -2  -2  -3   1   4   3   2  -1   0   0  -2  -4  -7  -9  -7  -7  -5  -5  -6  -2
DST0811*20  X220   0  -5  -4  -3  -4  -5  -3  -1   1   2   4   6   6   5   4   4   4   4   5   1  -2  -1   0  -2  -5   0
DST0811*21  X220   0  -5  -2   0   2   3   3   3   2   3   3   2   3   3   4   5   5   5   3   2   0  -2  -2  -3  -2   1
DST0811*22  X220   0  -3  -1   1   1   3   4   5   5   7   9   9   8   7   6   5   5   2   2   4   4   6   8  10  11   5
DST0811*23  X220   0  12   8   2  -2  -6  -5  -5  -6  -3  -1  -3   0   0   0  -2  -5  -5  -4  -5  -5  -4  -2   0   2  -2
DST0811*24  X220   0   3   4   3   3   2   0   1   2   3   4   5   5   3   2   3   3   2   2   3   4   5   7  10  13   4
DST0811*25  X220   0  26  24  28  35  21   7   8  17  25  19  16   7   3  -2   2   2  -1  -4  -3  -7  -6  -2   1   1   9
DST0811*26  X220   0   1  -2  -9 -12  -9 -10  -9 -11  -8  -4  -2  -2  -5  -6  -5  -2   3   0  -1  -3  -4  -8  -7  -6  -5
DST0811*27  X220   0 -10  -8  -7  -6  -9 -10  -9 -10  -8  -6  -4  -4  -7  -6  -4  -4  -5  -5  -5  -7  -8 -10  -7  -5  -7
DST0811*28  X220   0  -5  -7  -9  -9  -7  -4  -2   1   1   1   2   2   1   2   4   1  -3  -1   0   0  -4  -7  -6  -5  -2
DST0811*29  X220   0  -3  -1  -1  -3  -4  -5  -6  -6  -6  -7  -6  -4  -3  -2  -1  -2  -3  -4  -2  -4  -3  -2  -2  -3  -3
DST0811*30  X220   0  -4  -3  -3  -4  -3  -2  -2  -3  -4  -3  -3  -2  -2  -1   0   0  -2  -2   0  -1  -2  -2  -2  -1  -2
DST0812*01  X220   0   0  -1   0   0   1   1   0   0  -1  -1  -1  -1  -1   0   2   4   3   3   4   2  -1  -2  -1  -1   0
DST0812*02  X220   0   1   1   2   3   3   6   7   6   5   5   4   7   7   7   9  11  10  10  10   9   9  10   9   8   7
DST0812*03  X220   0   7   4   5  10  13  10   5   4   6   9  14  16  19  13   8   7   0   0   2   6   3   4   2   4   7
DST0812*04  X220   0   5   2  -5 -11 -12  -9  -3  -2   0   1  -5 -10 -14 -14  -9  -7  -7  -6  -5  -6  -8  -7  -6  -5  -6
DST0812*05  X220   0  -6  -7 -10 -14 -15 -16 -19 -20 -24 -26 -22 -24 -19 -12 -10 -16 -18 -15 -12  -8  -5  -3 -13 -14 -15
DST0812*06  X220   0 -15 -14 -12 -18 -20 -20 -20 -19 -13 -14 -16 -13 -15 -14 -11  -9 -10 -15 -13 -15 -15 -13 -14 -12 -15
DST0812*07  X220   0  -9  -8 -10 -12 -11 -11 -12 -12 -10  -8  -6  -8 -12 -13  -9  -9  -9  -8  -9 -10  -7  -6  -6  -8  -9
DST0812*08  X220   0  -9  -9 -10 -12 -13 -13 -12 -12  -9  -6  -5  -5  -9 -10 -10  -8  -7  -9  -5  -4  -3  -2  -1  -1  -8
DST0812*09  X220   0  -2  -4  -5  -5  -6  -5  -4  -4  -3  -1  -1  -2  -3  -3  -4  -5  -4  -3  -3  -4  -1   1   2   0  -3
DST0812*10  X220   0  -1  -2  -2   0   1   3   7   8   8   6   4   3   1   3   3   1  -1   1   0  -2   2   4   2   4   2
DST0812*11  X220   0  14  13  12   7   5   3   1   1   0  -2  -3   1  -1   1  -1  -3  -4  -2   0  -2  -3  -2  -3  -1   1
DST0812*12  X220   0   2   1   1   1   1   1   0   1   1   3   5   1  -3  -7  -7  -1   3   4   5   4   3   2   3   6   1
DST0812*13  X220   0   2   0  -5  -3  -2  -2  -1   1   3   2   3   2   0  -2  -3  -2  -1  -3  -4  -3   3   5   4   3   0
DST0812*14  X220   0   3   2   3   0  -1  -1   0  -2  -1   0   1   1   1   1  -1  -2  -2  -1   0   1   2   2   3   6   1
DST0812*15  X220   0   8   7   6   5   7   7   7   5   5   5   5   5   4   3   2   1   1   1   1   1   4   4   6  10   5
DST0812*16  X220   0  11  12   8   5   3   4   6   8  15  17  15  13   9   9   9   9   8   9  10   9   7   9  12  12  10
DST0812*17  X220   0  14  16  10   1   1  -6  -6  -6  -2  -4  -4  -6  -8 -12 -15  -5  -1   1   1   1   0  -3  -5  -5  -2
DST0812*18  X220   0  -5  -5  -6  -4   0   1  -1  -1   0   0  -1  -1  -2  -3  -2  -1   2   1   0  -2  -2  -1  -1  -2  -2
DST0812*19  X220   0  -3  -3  -5  -6  -8 -10  -9  -5  -4  -3  -1   6   7   4   0   0  -2  -6  -8  -8  -6  -6  -5  -4  -4
DST0812*20  X220   0  -5  -3  -2  -2  -1   0   1   3   3   2   4   6   2  -1  -3  -6  -4  -1   0   0   1   2   1   2   0
DST0812*21  X220   0   2  -2  -3  -5  -6  -7  -7  -4  -2   0   0   0   0  -1  -1   1   1   0  -1  -1   0   2   3   2  -1
DST0812*22  X220   0   0   1   2   4   6   8  10  12  13  16  13  14  18  21  20  17  16   2  -6  -5  -4   2  -1  -3   7
DST0812*23  X220   0  -5  -4  -6  -8  -7  -7  -3   2   5   8   3   2   4   2   0   2   3   1  -1  -2  -2  -7  -9 -11  -2
DST0812*24  X220   0 -11  -9  -9  -9  -7  -5  -7  -7  -7  -8  -5  -3  -3  -3  -1  -3  -3  -1  -3  -3  -6  -5  -4  -3  -5
DST0812*25  X220   0  -1   0  -1  -1  -2  -2  -2  -1   2   3   3   1   4   1  -6  -8  -7  -5  -4  -6  -4  -1  -2  -2  -2
DST0812*26  X220   0   1   3   2  -2  -2  -3  -3  -2   2   4   3   3   0  -2  -6  -6  -1   2   3   2   2   1   0   1   0
DST0812*27  X220   0   4   6   7   5   4   4   5   5   5   5   6   8   3   3   3   2   0  -1   0  -2  -2   0  -2   0   3
DST0812*28  X220   0   5   8   9   8   5   3   6  11  11   9   5   3   4   5   6   5   2   4   6   6   4   2   3   2   6
DST0812*29  X220   0   2   4   5   5   5   3   3   4   6   5   3   6   7   7   5   5   3   1   1   3   2   2   1   4   4
DST0812*30  X220   0   7   9   9   7   5   5   5   7  11  14  13  11   9   8   8   8   7   6   6  10  17  26  29  34  11
DST0812*31  X220   0  36  29  27  10   4  -3  -8   0   3   5   2   3   4   0  -2  -1  -2  -5  -8  -9  -9  -9  -8  -7   2